10083
16221
13785
12408
7593
7885
14786
12376
13537
15629
2004
7079
7003
16447
8459
7249
9470
15961
10310
4874
15273
7912
5046
3963
10682
10034
7108
11443
2537
16252
8057
10686
14131
4947
15698
9770
8123
14557
13316
9181
3891
2480
14162
12619
12193
14374
12506
13194
7748
12485
14576
17633
713
15641
15092
6165
5329
10431
10949
6337
5174
8485
1890
9781
10008
10637
13558
1318
4962
7337
12007
111
2819
16077
16541
4375
11915
8411
16060
4262
6702
11812
9869
11862
6505
17832
14008
6246
2126
7464
8092
4364
12032
15268
13987
7691
16133
11311
12966
9990
12628
7745
1857
9928
3354
9077
10134
10437
17884
17172
12540
6983
16149
15180
17124
5587
16946
1879
11180
7184
9864
16677
300
599
6218
7705
7720
15294
4692
64
9495
1315
9287
8308
9545
2897
17046
437
9272
3262
15315
1004
8992
3905
12541
974
1368
1517
9875
7256
6645
5906
750
10403
793
14418
15585
2275
5036
17092
16808
13928
2844
8101
13065
14328
8230
5710
14950
7929
459
4292
1657
12802
6910
525
12592
1832
16054
14222
12098
12692
17108
15281
93
4871
5645
10808
17853
473
10708
1891
14960
3074
3778
6946
11367
15014
11175
11806
1960
4660
6772
2501
9825
15560
8605
8312
10779
15735
14318
7833
6707
16665
777
15062
15899
14892
7185
7689
7905
7271
9534
11916
15110
5310
6799
16795
10076
14393
14526
4601
7764
866
5218
13566
13309
7165
14601
7983
5978
15425
9526
8819
1418
5965
4439
2990
8719
12389
17596
6030
14416
2340
2818
5543
9960
11933
8530
970
6352
13417
7228
6542
9016
4062
14238
16647
13884
15589
5828
3214
14942
8979
14612
1618
1139
13518
2677
585
905
3887
10097
12357
12134
9651
17395
15223
17602
11748
3405
9229
220
16910
14383
14785
11452
4344
2686
15
6751
10457
11565
5465
3793
2224
997
2566
11652
6362
10068
13098
12173
7407
60
14114
8781
13742
14767
10303
14894
594
12655
10835
13718
13792
3813
5193
1370
5112
8008
14768
17222
4810
9228
17344
10204
10081
10508
9646
4885
11169
9887
11726
8253
4090
5531
16011
8089
17734
13290
6108
12250
11358
15387
1889
8133
14310
11420
7523
15776
856
14512
5498
596
16120
14013
17737
9392
2599
6163
7807
13107
9755
10594
3044
10326
11818
13786
9623
6769
3043
10047
14598
13124
11642
3126
16291
1124
16945
7370
6448
10875
16708
13938
17919
7349
4378
9940
4088
14629
14232
3625
4023
10098
5084
4075
5614
7731
17460
10423
9256
11374
7216
3923
4159
5003
10602
4125
13187
6528
36
716
11808
3683
4558
9021
6939
7499
9757
8471
13562
3509
11977
9977
9630
12758
3619
16415
11090
2239
13233
1702
15837
5477
13028
16537
16844
10667
10367
9264
6052
6734
5716
14618
8876
17373
2697
15541
4052
9982
11611
13042
10181
3392
4647
10484
17351
13491
8618
1085
8493
7508
5571
364
9402
6809
5464
9352
2400
17776
17873
422
16068
8052
5801
6973
8973
5016
3158
11744
8916
11406
3897
12140
12710
16730
5118
9038
12805
17387
9971
7336
5485
1568
12371
12195
4620
5886
17302
8890
8117
8820
7661
9932
1573
4615
7259
6715
6244
41
7855
11981
9333
3025
91
5346
6305
14016
14796
2739
2402
8210
12770
378
2202
9662
129
4041
7870
5803
15155
14058
17744
15260
2109
5917
16579
13340
9104
11308
10300
12144
3186
7294
5941
6175
11592
7639
792
11322
14015
14868
167
12006
12242
12879
2333
2647
14483
4616
13201
4879
13761
6193
11150
14537
17014
1741
8934
15122
15724
4212
13111
13888
7162
5787
8276
6721
12550
532
15029
5278
8140
11699
8743
3278
16030
7377
2702
15767
15705
9768
14614
15164
2794
7198
3644
4246
15543
9195
2010
10645
4787
3459
15739
15918
3045
10773
3661
10634
14359
3499
17369
7882
4878
6091
5751
5007
12374
1956
4128
4081
17499
8448
13501
9656
11569
9284
10726
15040
11006
13116
5838
13163
16360
7616
3770
1959
1722
11197
12884
10692
10268
2016
17236
3494
17648
8537
5717
17714
15671
15390
1929
200
13101
13354
15148
2869
494
8013
16
4211
11237
294
6954
15303
6109
8002
2731
17278
12764
10886
6957
4988
1001
17485
5420
13147
10078
14967
13051
8399
9978
6340
13618
13632
15919
1911
1997
810
3565
10156
7774
10263
11548
1053
390
5301
6531
10031
3113
12464
17267
10050
5813
7725
11405
9068
2195
16654
373
8750
5590
5140
2541
9494
4799
10953
10838
5979
669
9838
8514
14567
3419
2091
11937
3005
6840
2367
12785
3423
9576
9226
7982
15308
15586
17370
8995
1407
17541
15537
9661
5912
11930
16327
3350
14640
7789
14236
2692
10621
9952
4825
2289
3508
8204
3663
7574
2827
5986
3033
9082
11646
13603
910
16755
8940
6309
31
2334
5032
7761
5630
2919
2701
13674
1627
3122
16667
17753
7944
10427
4618
4658
9958
10559
13296
7199
9128
7938
16544
6228
7932
8255
328
9193
11829
6123
8055
10839
15229
12013
15117
7888
13457
8510
5054
8282
12492
9553
7548
326
14976
7856
10671
3018
3504
13913
2257
283
7461
14639
1159
8009
10318
15105
14413
16122
4886
2523
9044
5374
16850
10650
11523
17349
17265
12030
12401
7300
7193
578
203
12599
5098
16556
9816
11895
8363
12974
284
13608
255
11995
16694
16528
11972
15861
17795
8891
9377
3085
13700
1156
8961
4225
6411
7858
2411
2722
11743
13911
15207
4837
10433
490
1506
10053
12181
7767
3996
2375
17154
3056
12018
8634
5206
4169
5892
12436
14808
16549
11917
1678
1210
10882
17641
16057
14077
107
16670
14132
11174
818
11134
7682
37
588
1781
7709
16433
12849
7936
5734
2578
16385
3323
9848
7346
7998
16201
17290
6251
14329
5045
4686
14465
9890
11046
15378
3155
3798
838
12472
10995
320
16170
16341
6250
14986
5037
9310
14691
6816
775
17303
16635
17515
5836
10946
11481
9161
274
6501
1344
9877
13920
9920
13129
5360
6650
1913
826
3543
9187
9466
15211
7369
3484
9043
17586
1682
5890
2206
8591
5387
8495
5727
2870
3347
13266
4775
2506
16181
6576
8648
16523
336
7445
15045
1161
1059
10853
13400
4741
2625
7418
14366
13833
14274
10607
9966
16964
13251
6463
11531
9166
9106
1563
2093
5874
12192
5106
2992
2337
7394
286
17595
15121
7663
1255
2443
11864
3713
5082
1541
9909
1027
16539
7283
9554
12768
16590
3487
8267
180
10294
16110
14969
17706
16096
7082
12179
6168
275
9737
16600
1616
8228
3645
16468
15136
13416
17443
5793
10753
11534
240
12960
15083
14221
12019
7073
1352
4560
6420
17818
8856
7481
849
12293
16042
14582
798
14173
17887
4464
5690
15617
8001
1306
16183
16361
7428
3453
14245
11392
8039
1187
14862
12598
8482
13638
12570
1878
12629
8344
14227
14299
7895
4738
571
10823
16555
11359
5052
2944
4521
16726
8336
4520
12689
2041
12597
7487
5116
4474
8455
7589
17494
1992
16026
6076
4708
10169
13730
17058
3567
7314
9005
4357
4917
16280
114
11695
381
6312
14834
11198
11337
13894
3755
6846
11317
12132
5412
3218
12720
1005
7762
17030
1101
17632
1068
16476
9959
12394
4840
16655
6029
8585
2929
11438
8826
7170
15493
13579
12675
1055
2279
2866
16896
230
5212
6765
4333
13599
1189
4477
5789
14269
9850
4408
10122
12499
17837
14682
293
10271
7055
4669
15639
9699
12235
8392
17176
12478
6891
12157
7717
17342
17060
3251
2433
14072
9133
7016
13226
9098
15704
560
8924
17796
74
8830
8342
12577
9594
6236
5272
14819
10587
4443
16689
12738
1263
5466
6883
16796
10112
9037
10398
6613
1712
16127
9435
2342
17004
5385
10111
12443
8635
5275
11847
2111
7510
17233
4676
2734
9997
10336
6567
12798
11664
17643
4906
17261
106
16488
15609
13936
4882
14840
13433
9828
14634
14368
16419
9292
2075
11368
16234
11810
3979
10652
15846
5689
6988
10732
2448
2650
11662
2810
6787
10182
12015
1883
16356
16867
5621
11945
13561
11936
15626
92
4330
16408
1841
15486
721
15979
12843
4249
102
11314
10419
10375
10157
11220
1523
2670
16957
17730
654
16473
3616
6648
10570
8213
3047
13725
12431
16013
2439
15460
13684
14425
802
2063
17566
677
9538
16012
238
13982
6712
2382
6339
17291
11200
123
5771
8614
16439
9793
15154
4080
16426
15775
10488
7329
15433
674
17493
3379
630
16016
16334
17028
2254
7133
16532
1095
4025
2123
1470
1661
17554
12326
12171
12255
4940
216
16355
10142
10662
7210
1906
12221
9942
1931
15718
5569
17007
3580
3879
790
4700
3899
12729
5297
734
11630
11579
15427
15053
2660
3789
12989
15753
2776
16702
15651
6206
14007
5293
16146
4563
14192
6473
6464
13896
11840
6180
13054
16769
17417
14397
339
969
13252
5030
13143
15057
10738
17286
2107
3787
4343
15807
17741
15882
11101
4130
8316
3280
10870
3131
9388
6580
13367
9076
13788
15935
12362
8676
8654
11312
668
3475
3462
17167
12419
2214
15233
4452
47
4491
5266
12180
4595
14486
12124
14316
12896
11342
14994
11226
16680
7712
6050
16593
6407
13020
4688
4259
14925
262
16609
13359
7721
3876
14133
1651
1024
10428
1858
14186
7558
2042
17406
423
923
12191
10390
13812
10889
150
5444
10369
1595
8613
5489
1819
9999
5955
8504
11604
2398
15198
7633
11432
7181
1715
5340
1754
2799
8223
1203
5669
17121
16343
5276
7087
5597
5290
7129
16880
7141
1343
4302
15964
5353
7229
1097
12238
16041
10814
17077
12229
8492
9601
12531
9736
11021
8029
7022
17738
10669
11859
5584
12014
10013
8155
6941
110
11514
15443
7973
17331
4097
5988
11048
4032
12270
11254
16561
9069
17312
544
1298
10123
10166
6699
1424
1888
12608
17834
7750
3804
170
3376
4887
10216
12227
13770
5749
14392
10948
1760
13592
12883
10043
7700
11073
13397
10663
7830
4576
4244
11889
889
12789
13292
2499
4762
10987
392
8293
4694
14899
4216
11242
8729
11290
10139
10828
1685
14652
15631
16338
10829
5461
8840
17509
12528
9985
1580
14762
1032
6592
10240
16787
8868
1162
8380
9141
11081
2389
16159
17855
8417
11229
11371
5141
15010
16814
13900
7195
17323
10413
2832
11499
10072
12787
52
4915
9300
11285
2049
4180
8320
1037
10119
11172
16951
15152
7093
6590
17275
12639
6788
12818
17579
10357
489
8447
6084
11050
745
15959
14103
17033
11120
2502
4956
4515
15873
689
14492
15411
6282
15254
15280
9192
15826
1401
6074
13758
4355
3246
5541
5606
7850
3231
10981
5283
3694
3103
11898
7979
6897
8338
15403
12274
8797
13321
10799
13619
10945
7484
13464
4731
11788
8075
1154
14296
10374
5747
13581
2958
12916
12047
11126
517
14380
15896
8390
17305
14698
5953
3456
12320
3442
17197
6586
9316
1194
16922
8793
17103
4816
13286
8266
4860
12542
9368
14209
17467
4427
2845
9167
424
15797
6844
16142
2077
5022
1272
4366
14267
17503
13403
4973
9763
2003
9433
6938
11796
15924
14204
9853
12554
11130
15745
770
3188
3933
17319
12826
15875
10337
704
10612
5400
7425
321
14774
6324
12003
2828
10874
8112
16124
13747
7978
8206
9867
15176
6439
6928
17661
13671
12713
15341
14901
8759
6945
10278
11024
9791
3528
17846
17830
11728
5515
8481
11355
9691
16848
3019
12338
14235
13115
6195
10670
54
14144
9070
1500
8064
4040
1261
10672
10666
9901
2770
16178
11268
16916
946
10395
16874
15552
7213
8773
10819
632
6967
17394
13845
13813
7640
12337
168
14244
17626
6937
5427
14509
13422
1987
9779
9089
1624
5657
17727
5077
15192
988
8828
17693
6655
10989
15766
4248
9837
5820
5540
6681
13407
4503
10767
1912
15120
801
10651
12881
11873
16877
2363
13623
6896
2007
17340
1421
8016
2277
15868
8776
3117
5222
3031
14771
10511
4695
8592
4362
14794
1212
2777
8646
9808
9530
9482
11926
9156
12799
12093
8525
8914
4815
13691
463
9315
16895
15465
3686
7111
16298
3303
3329
12651
15915
1535
9220
741
9673
2099
4095
15019
3301
3696
6979
481
13255
6223
6095
11792
3591
4978
15456
993
7310
2658
2274
9045
15951
2515
10474
5306
1463
10274
15076
2350
8854
5299
15721
4126
10567
1708
282
15485
11602
2211
4584
10537
3401
1679
12279
221
12125
16892
2564
9359
9086
12885
9858
15455
14027
10713
6714
16824
10527
400
12095
11621
15044
3893
265
13259
15434
14113
8031
5643
4044
13268
15716
17630
3100
13090
14389
11407
4566
14935
12384
10959
10473
13643
2172
16587
6100
6621
15847
7933
2643
8516
11336
15654
6732
3413
2227
4307
14347
1560
10441
10871
14304
7920
141
17248
15216
1241
4628
135
5359
14839
16732
6184
8051
8323
15662
8046
7272
5281
1411
3470
16084
3946
11969
6924
18
6956
12586
13073
11465
10654
5076
12965
3837
7344
6778
8439
5196
14167
8939
15777
6414
17774
7240
8483
579
15742
16038
12453
4945
16696
7190
6253
5351
2890
13917
17114
13341
5352
8115
14019
8500
7518
10746
11985
16839
1856
4765
14869
3809
3295
10757
11110
7409
13733
17208
9789
1322
533
5268
16965
1354
15688
11000
2662
10252
3287
13969
4143
7149
15749
8821
15817
8227
13262
3906
3289
9587
8247
717
11540
6925
11634
9478
7147
16757
7694
14574
2651
1660
17889
4553
2498
7001
14256
1951
5339
15540
3594
397
1113
10630
5435
15648
4403
8400
8900
17152
17875
14445
16267
760
17771
5067
13804
10180
3011
1477
17639
7790
2393
10929
1076
7515
1303
16773
12901
9469
5752
1229
1869
15895
9608
13642
16636
9936
17816
4370
6199
11112
178
16607
6167
3790
5948
11533
17666
14335
14754
2613
12981
14830
10801
9263
6829
11219
6636
7462
258
9632
11593
5779
1664
14208
4749
7373
5843
4673
9546
17118
6871
5259
15402
11711
17256
15819
16833
12522
16573
12
1307
8147
10160
9410
4416
14923
5666
10568
6559
15275
8515
6262
1704
9041
534
9147
99
10842
13139
10816
2085
5061
9025
17676
8788
6789
2909
15357
4697
1644
16869
6801
661
14565
3466
8020
12762
14287
6916
1456
14605
17378
3239
6329
8556
14743
6004
8189
11883
14867
4795
7302
3230
3264
833
2036
10647
16495
12416
1955
13762
9150
6762
8087
12106
9374
9152
16500
17412
1962
16264
4413
2703
4648
10131
8000
11115
11550
3955
4665
11801
14750
17708
14628
7875
3651
8816
6738
13722
3390
17009
10016
6489
1923
5448
8866
2487
4426
14170
3717
5107
10913
725
3479
12143
12309
3682
2953
16101
16179
12024
12082
12865
6082
2346
4703
15086
1503
5349
8132
5841
13571
8512
12467
13636
6755
15150
1863
14215
2661
7489
9706
3463
14681
10831
15482
10151
3716
4587
8896
16657
7379
13357
6582
1725
14844
4635
17075
5198
17354
7673
5267
3910
2362
2472
3410
9591
2557
14670
15466
5119
1707
13081
8993
2711
1673
13624
15016
15743
6962
14879
4959
14924
8188
7358
17180
1949
17219
16086
17383
3915
1313
12297
1433
12088
2505
5721
9720
14087
15462
15504
6187
9227
7595
1811
7454
10376
12299
11732
11053
13781
13063
15939
11040
8173
12231
16572
11494
3575
8190
10988
10549
8263
4836
16630
15243
6806
487
4889
9873
6798
4290
2942
4490
13153
12748
13950
12562
5958
11698
10254
14555
5491
4251
9036
12358
7539
17151
17719
163
4139
7119
2255
13681
10665
2808
1735
6598
15946
7469
15279
11623
1112
7388
17592
13236
2008
17752
82
4453
4943
5457
4653
11037
601
1549
2283
12663
8403
14680
3086
1542
7281
8970
17244
8740
13492
7623
3073
15367
977
6780
5000
7507
928
16564
117
13999
11297
9200
4437
9840
10539
4272
9306
14866
1160
15337
7635
8562
6735
2600
7035
5782
2653
6969
9426
11109
15706
1279
5260
10661
12413
1406
4312
11501
5617
4706
6920
12479
5020
2724
16311
10341
17442
14922
16858
10243
8584
12807
4096
17160
3065
3885
13203
15727
1588
12254
6363
9615
13541
16842
1087
3217
5391
14779
13791
1379
7231
8377
13162
4867
13068
8691
4300
15675
569
1842
7578
7649
12333
10170
15093
15436
4214
9062
3078
12322
14179
14954
4512
4869
17230
15386
14615
7041
11556
1570
14525
8850
9140
4752
13744
2602
17692
17476
11657
14358
5170
2378
6285
2914
9868
3134
1382
611
9486
1467
2606
4848
15997
6053
16469
460
10999
15405
8977
17805
17157
7865
13665
2497
16210
14635
13861
1321
8761
1369
97
15907
16631
201
7770
2243
17878
17495
1487
12928
3964
2769
3204
16176
10752
8261
13927
5995
12035
3833
5814
6683
7871
6185
1749
2687
8357
14332
6892
17779
11654
930
15197
9291
15153
12212
11194
6404
9610
13007
16663
8191
15492
13243
9548
5328
5355
13668
10683
11018
10867
6743
13773
8557
9643
11315
10580
4203
15844
12744
15264
12341
16399
12461
7136
12626
3928
12854
7192
14477
3953
7109
693
13531
3236
6851
10633
5870
7726
7781
10521
5204
16582
10820
3948
11821
11480
1498
5302
7916
13989
16520
7732
7687
1331
8413
8769
2264
12214
8428
15302
9898
5375
4405
17761
2895
2414
5075
15098
5214
1536
5671
5537
10470
7304
1531
7408
14453
17590
14421
10479
7710
12888
7985
11064
3490
9058
2654
7509
15623
15453
16642
12234
5312
6079
15802
232
3510
11828
7065
2457
15305
9567
12835
11497
6438
3274
1332
9376
17085
15231
9198
3889
15447
8497
9007
14200
15871
7852
7112
16533
7018
17655
4547
12424
16924
6161
3998
4549
3974
2271
2529
2080
5121
4830
16249
5518
14312
10636
5650
13918
8047
12482
14860
14500
427
11951
8257
4835
16424
6048
3673
14043
9852
12596
16467
5
17506
1153
10070
3091
5292
13701
14735
4153
16790
17871
5572
7146
1013
13564
12329
3502
17757
2407
2438
9975
1967
13108
672
7472
681
2575
1080
10288
1459
7237
17699
10165
59
10777
12248
12971
823
9443
8374
1748
2423
4729
8647
12042
17433
296
1219
7064
6889
5089
10714
6629
16000
4854
8969
12468
12009
2760
5004
1168
972
831
11740
12423
6879
728
11988
1231
8139
10863
983
10228
8756
4435
8415
7849
1808
5817
486
7206
9810
2946
16656
9904
3800
2469
11817
10880
4589
11505
10195
4901
8460
8656
13739
4196
16678
8519
7261
12656
17607
9028
13190
8874
8062
7794
13993
352
17724
13754
13212
13582
12247
909
6987
1216
16352
17360
1625
15087
3288
6170
17400
7658
371
8907
1244
9934
12902
13821
4213
4417
13975
10118
8307
1196
9796
11834
634
3093
8120
6453
17332
12830
1386
3693
6511
17375
1742
7834
11600
17591
9721
10990
10608
13670
13152
1309
3095
13803
11257
10648
9761
17593
11500
14126
17198
1493
2288
6536
10909
14928
15848
2485
1578
4226
706
1259
2293
12894
5655
6834
6005
15325
14575
2294
1197
7540
11610
11546
2249
8450
7339
3983
8550
16358
2273
16683
17016
1294
739
3342
850
13545
17318
3819
11587
3542
13155
7140
13717
5791
732
3447
6836
15714
15042
1569
4268
8171
89
13074
13698
14435
7382
9101
15106
13410
8270
17516
14093
4013
2073
10491
13584
7800
4927
8172
8766
14578
9381
2876
3924
12444
13362
16093
14399
13628
15058
7953
553
11013
13287
12919
4267
9686
14658
2260
861
4457
17263
5219
17543
1831
9276
12872
12448
9542
2796
15949
15520
15998
15444
3878
16510
14382
10244
800
4269
4060
13209
1285
11900
9684
10233
4264
13421
8872
17874
17907
2590
4796
13121
5616
1609
5113
637
3079
15324
16448
4699
15828
9178
14101
7824
17789
12712
12813
3742
7333
12301
7411
13105
6595
13215
14788
14281
5682
9206
8010
2714
7968
4483
4397
15158
4678
522
17720
13375
17611
7653
2190
4468
3939
15346
14569
3513
8655
15108
6190
417
16064
2268
3549
13013
3327
12800
14143
14434
12563
5777
15653
2642
15470
11637
13765
5534
14908
13590
11043
17723
3845
9344
16693
11045
7734
6639
10045
10407
17427
7996
5419
11136
658
13745
9607
7468
9461
3299
13395
15801
14552
7163
5463
12635
143
12126
11562
8786
370
1954
9815
16894
5446
2691
4488
5256
6041
10679
11364
3817
9449
17471
4919
9081
5552
1601
3215
4992
6014
17521
7153
6482
6711
1894
10944
8782
1572
6556
17906
11785
9692
6600
13109
11564
14972
9441
8198
12957
7861
9120
12396
13868
9066
17647
12754
6176
7250
1123
13456
14746
13814
3584
15764
3407
9072
7187
11267
3451
15067
3718
9419
9927
12135
10782
1771
5012
15393
5770
7225
14220
16740
17496
5967
2253
1993
2081
11607
5855
6835
8108
15267
948
7155
12353
5575
17904
2418
12183
11575
7803
5180
17570
16166
15818
13892
2170
8401
1892
14265
10291
7848
9467
16315
10495
1056
2040
16052
14165
10094
15638
1183
4662
17313
14280
3743
9059
9842
15619
1432
11361
13280
6336
4541
735
194
9658
11373
12891
6129
16506
8629
12119
6827
3667
17851
9485
14688
9437
2428
14063
12328
14723
12556
16566
17398
14541
7512
1779
15446
109
4568
11831
10345
14452
11787
9129
8410
978
12848
9776
12858
5824
2833
17799
7898
4319
17083
312
7270
11238
15576
9385
10003
3863
13815
1505
13077
17404
15547
15445
9947
14046
4645
1082
14674
9537
2941
65
4039
3844
10598
10329
12064
14128
5654
15836
12707
10187
3207
13036
16782
16515
2978
17891
8509
5319
1135
1016
8498
7367
2167
14971
10411
5456
12803
17695
8346
1264
11897
10492
7286
16641
6831
3949
13332
8861
12871
304
11282
6878
10429
5307
246
17039
9599
11789
8024
16051
2011
1299
12222
7752
14505
17182
9829
1778
12391
14773
6417
11878
16606
5758
12441
9230
1
7943
17350
5971
14014
5725
13677
14789
12536
13883
13459
6790
8661
12203
9483
10379
95
11558
3491
16305
4569
6370
10605
6497
16859
11672
8124
10857
11015
14348
13207
356
142
4288
8054
5199
4667
13506
5027
6585
11474
2809
11102
12905
17918
1688
16993
10392
11427
5470
8478
2462
11386
17240
8522
15760
3520
15977
13934
8100
9570
6469
1417
10649
15838
13654
17725
14076
13254
8697
2347
9730
14677
12225
6594
11485
13221
1675
16105
7191
8365
3868
2949
3574
9702
13017
10793
6334
17260
5013
16669
2488
6449
11209
15945
15137
4117
3339
2559
16131
5714
2562
2295
16269
17438
496
9764
3621
13083
6753
1839
17374
967
7226
14948
9303
9993
15863
613
10496
4486
14025
12010
3133
8370
1838
6113
3394
14251
5350
1201
4643
7836
10388
13171
4247
2399
8489
5148
15360
17775
6540
5733
14291
12856
9060
8129
9295
17682
4859
15557
5175
5536
981
13192
2751
6845
9080
7218
10085
10911
2970
11255
2538
4005
2422
14672
2798
9751
8433
9326
6373
8702
10896
4258
13060
9114
12898
13424
6603
9302
3369
10104
662
11512
15664
9881
15616
11256
5255
17827
6346
1235
16734
12804
17785
3195
5510
1681
2153
10632
3674
281
4456
15730
4004
12694
524
13553
10121
10704
6860
4036
16145
990
656
5583
3013
2459
14123
6423
3684
14305
1126
5659
1494
7494
16610
9883
12008
2851
17115
38
1885
12857
5325
6357
5738
5683
15130
1431
13232
8812
12111
15741
12332
15900
3415
13661
9621
2993
6826
12204
12786
16741
314
13914
1903
8901
13382
15958
8619
12470
9259
17488
10504
5478
6649
14459
11246
14806
17793
4127
2536
16819
15898
12511
17665
13980
15813
4050
15691
10207
10077
8700
17820
6433
5439
6768
15502
14159
13872
4777
736
5578
9055
4484
16493
4006
17405
13680
13096
3985
13126
9782
325
10406
12846
9146
11154
12574
9800
15266
2034
8309
14955
16076
12167
4459
6913
11536
12385
10150
10106
3592
4898
14259
13588
17559
13350
504
1250
11809
2765
8069
2780
5586
7438
8070
5048
7083
3849
17601
16155
4651
8800
9527
11129
11487
4624
12659
17242
14163
12601
6360
10316
16547
5661
6177
13907
4983
14124
4899
7656
8538
4066
2774
14408
13664
14377
4260
13368
5318
15175
17854
9637
17930
884
4374
13852
3123
2998
6763
9512
6077
5842
8334
7497
13449
7212
8675
12703
3318
14422
11461
12560
5706
10809
9845
1984
13377
9827
14856
11857
10092
13127
1632
12831
8852
8094
8746
3775
13676
813
11362
8059
5642
5761
12774
10640
7327
2463
14707
16685
12839
7970
13696
13797
16444
1731
12767
217
11287
12515
5850
4625
1507
14337
1316
3959
8796
11430
4206
17794
3917
4200
3166
2327
10416
7832
13933
11354
12605
7992
8109
16764
2980
9395
8703
7030
12778
16866
17015
2592
955
10540
702
13329
1376
2282
9107
3136
8218
16761
10328
10556
14308
4105
12801
10062
5702
2113
8929
7907
15163
16363
9411
1072
15827
4763
11577
5033
334
6197
14376
13995
3662
12021
12315
20
156
6323
10183
16389
9797
1952
8894
14343
10347
14758
8911
13807
6043
9186
12296
12809
278
4038
8034
3636
13902
12525
15593
14136
12406
9174
12698
10710
3486
10960
15883
5468
13160
4224
3004
5411
9431
2210
14651
12604
7872
3476
11135
14521
14988
13607
1390
7251
16031
5149
8831
4352
14515
11949
10854
4792
14108
14189
5622
4391
17756
4470
15824
4875
1074
11938
6492
4813
17
13034
1453
5743
8600
10596
3834
15377
4946
3351
15839
1495
4716
6824
1757
17569
14532
5780
1973
9258
3169
8476
9473
12797
1415
6266
3174
17356
185
9131
12058
9892
6526
17206
15400
3826
12684
6119
3960
4996
8472
16522
3124
6345
11702
12757
11144
13630
3178
1449
2143
16938
5154
1041
5005
17434
5773
9346
7837
985
3430
10256
2232
9386
11907
12446
2928
14528
4719
17713
16980
3745
10837
342
5262
3322
13692
8808
10060
13495
6728
12012
15314
8295
13971
14748
9579
15643
3196
2394
12625
6114
17191
8948
1062
13882
10956
9559
12343
12039
15437
13224
10468
7104
10286
9421
6202
3881
17668
5712
5019
16329
513
13150
16618
11149
10313
8677
15584
14023
7588
6147
3701
12133
16072
9158
16871
15343
17831
1666
4142
12206
9513
16491
7004
1752
11867
3269
6529
12790
2747
13750
5639
12094
2872
2937
1528
402
16565
12829
12382
6390
380
9418
11044
2492
6911
3107
5678
8589
4367
4134
366
6317
5907
14603
8806
7169
12756
1178
3722
11987
1714
16705
3861
12056
6152
10840
8332
15916
2477
11276
16661
9709
5969
83
12645
5798
5229
3061
8317
11470
4466
16682
3872
15345
15376
1561
4914
5129
2603
2918
9743
14589
6500
13493
8288
4440
1792
375
4085
12907
9531
1011
10320
9427
17913
7903
9218
1882
6852
8767
2466
6591
4818
79
7736
2365
7857
15932
13261
8284
17041
2878
11958
8508
11369
14349
1491
10505
11584
17892
15448
9204
10222
3936
1398
10593
15368
9941
14372
871
8224
1629
17876
2458
11511
5940
10775
13843
6953
13453
14354
15728
16746
16309
17307
11084
12658
15855
12996
950
13326
1188
17510
1567
2854
13854
12109
2308
17571
13679
1845
14444
3501
5080
15567
14282
9063
8382
576
1961
13755
14301
11293
16752
8484
475
13951
1008
7753
3814
2994
13941
8689
6462
5865
12005
9052
10322
3277
15480
10533
2060
9911
4804
4908
14597
7439
840
318
7048
12920
2052
4222
12867
8007
10327
13688
1604
8042
4750
17341
8718
12978
11070
11993
8241
4735
10550
1017
3366
4544
2
13012
4049
15890
372
2721
8364
6125
4747
17839
14733
3222
4743
10622
9110
16905
4682
1512
5279
2932
15262
1179
5701
16942
11967
3848
9500
14753
17768
5853
5833
297
15491
2911
12878
7189
3524
8470
10302
16727
12463
2896
17008
3525
10338
12380
8111
17697
2013
5060
454
917
3245
7634
10807
6431
13535
10080
12215
16617
6573
7847
16266
4473
657
5529
13300
10032
295
16709
12578
10315
17594
15494
788
7028
16505
17526
6401
11266
6523
16652
16960
13338
11080
8235
11165
7922
13867
17914
11192
7180
14755
14872
1823
12892
12924
15663
13984
14461
5730
14745
16737
809
5251
11751
2292
13284
6174
15795
5776
10506
1922
14946
4454
17712
10824
16619
15290
4506
12307
12345
17132
8149
1209
3142
16219
2767
4433
2287
6614
4400
16294
17129
7729
2191
10719
8627
12527
8432
2420
14005
3477
649
3706
4294
7391
1718
6112
1422
8402
10014
6429
11794
16918
12434
9477
16816
2306
4471
5495
14902
6169
7479
6782
9593
7892
9564
13547
10615
1265
1147
7224
5364
13156
119
7203
6377
1784
9194
17635
10435
13337
48
16620
11679
11643
3496
3170
8175
1622
14360
12339
12342
7290
5720
15208
13552
10455
35
9144
15732
6654
202
14390
8860
1684
17409
12438
13897
4346
10763
14315
15043
15509
17402
10592
2245
10888
8609
11566
8004
6887
4924
5809
15858
6316
15028
4376
8643
16972
3832
9836
3689
11486
15100
12873
6623
543
3604
6660
12136
1865
8328
13146
15449
8560
4788
2737
8278
5525
11233
5600
7397
16182
6577
2685
3258
10628
14798
15316
7050
7699
13159
6915
14168
17740
13686
11901
5333
3901
4633
10797
16802
12290
13890
16977
3589
2900
15269
6117
12219
13967
16470
12637
16783
581
5269
11551
15169
15845
10339
3145
507
7355
11278
14410
3597
7971
5520
10173
1558
12728
14606
2159
6003
15554
13186
8739
10387
8588
5624
15908
6131
4401
1611
4855
14423
17623
3564
7853
3403
8949
16117
15026
6209
13945
4155
2401
17246
13952
10146
2806
4266
687
8568
6138
9297
17637
3200
14811
2364
2561
12546
17700
7947
7485
6028
13955
13271
17125
9804
12302
11401
13801
4650
6265
14824
960
9071
17133
8837
209
7233
12308
10794
12851
3279
1099
5959
13435
10926
2043
6950
2030
13062
17883
3732
6284
1419
16613
2860
7921
9014
6665
9103
3671
5891
6020
6288
14646
7521
10677
4718
17524
13136
335
15115
16245
10018
6723
7883
17450
17358
12766
12664
11504
7070
1747
4175
14613
4165
16379
11746
16010
14916
3544
2745
12449
14596
14427
6736
16603
15030
17366
16050
13488
12053
9408
12164
8113
14929
2134
8419
17535
8885
15413
9314
12936
2843
2706
13471
13279
1148
12714
8534
15969
13305
9889
16027
2513
1289
3765
17885
15064
2906
9221
16733
6444
6403
8292
15965
9715
12184
14243
6900
6269
10482
11462
17629
11571
15097
6385
4009
9205
3240
1448
14816
17087
13604
9061
12483
14648
2915
15687
7594
3797
287
12454
15806
13752
3319
2280
14394
7671
13929
12031
9353
6672
9409
545
1999
7440
4042
14849
8548
12911
16349
8178
1149
2983
7773
8717
1701
13534
7961
7552
10451
14268
814
17231
7566
17482
5627
5327
15239
7220
14875
2330
7390
12263
9765
1073
6073
6510
12513
14623
11525
10242
5676
14996
6737
3384
15185
11863
16293
8148
6264
1036
2726
16646
17903
9322
13530
3516
5713
2267
15978
14995
12049
9792
13826
4326
9214
16601
1875
1713
15833
17722
2750
4195
7843
17081
6849
6652
5108
14188
15287
4772
9813
7496
1308
2105
9516
5265
5095
13728
10422
4935
5588
4764
13480
3227
3515
13396
13479
11803
5549
9260
13179
15356
4313
11423
791
2067
2803
17882
5322
14766
9682
13199
219
5044
13320
9245
14592
14112
9967
12811
17798
11156
14001
3648
667
3219
2429
3445
4897
12877
10573
13100
3472
6307
7636
11760
8926
9710
12205
16559
15679
14661
14900
9075
9501
752
7741
1404
3119
134
6149
17868
2627
2789
16224
3336
12627
3194
4770
12641
16812
1552
6234
11383
16936
17217
11482
7544
4304
6641
12547
12603
2753
6128
1311
641
10102
13702
15196
1199
6931
9338
15854
10876
16014
11122
7470
384
9919
17270
8152
14446
10079
10086
16788
5866
11455
3135
2933
17654
8713
15186
341
2281
17376
3771
15174
12947
16598
3642
7660
5226
6898
8712
215
4562
4054
11034
961
5081
14212
683
6378
7952
3556
6886
11103
11957
7758
7702
13312
15877
8738
14464
586
11627
2893
13887
5235
3159
6016
2925
1075
15522
9676
3248
10589
14697
8799
17574
17589
14009
7142
14073
14385
13094
5797
11263
6964
15751
16289
5742
16538
7648
7262
11929
4740
3896
7434
1236
2558
16243
16716
2474
12508
5179
7092
96
14311
2742
13748
1471
6306
17061
16829
16723
11057
12165
6361
3223
10931
13666
1825
11853
1466
3526
5521
8395
2984
1867
1991
5951
11067
12646
14345
17701
5573
5475
17784
5304
11252
10238
15986
14545
15926
6435
157
10515
6997
5697
15950
268
5341
17000
1204
13420
17110
1240
6935
12746
3406
4538
13940
8229
9255
1304
10751
10548
7930
13185
11032
14485
14699
17353
12734
4480
13004
9972
17694
994
13353
15312
16886
11055
13335
15571
8145
1527
4817
6674
4654
9839
9502
2589
17617
7437
10903
10681
9073
12660
9775
6154
5635
7935
6343
14121
17032
8912
6183
10465
6289
5915
9555
9523
10051
12033
11591
13840
3669
17573
6548
3417
8787
3836
16747
2339
3838
17844
14384
15682
17062
12765
1947
11517
5393
15808
9380
12121
1853
10197
13925
4231
17187
8163
4986
4526
3541
3416
14174
17205
3978
11077
8305
16466
3209
10582
25
6612
11568
694
14684
6279
16136
14140
5194
2185
5696
7630
11757
4656
16239
14151
10509
5164
9159
3601
1551
17042
6619
2783
2103
12220
1623
9899
12999
3177
14426
13166
12990
6310
12582
14609
6661
2969
343
6032
14214
7311
11667
8422
13946
7123
12245
2865
13273
11385
10027
12838
12218
9687
10342
2988
16295
10230
5496
17533
1268
17565
11845
1827
5595
17174
4320
9596
5006
11437
8883
14437
16513
914
2112
15473
8549
15506
14587
12159
7798
17928
249
1473
5051
14323
7393
6632
4942
4721
14476
17386
9957
16198
11750
1211
2966
13237
5132
16837
5367
3871
3874
14432
15563
16368
4396
7605
10696
8803
15397
17239
5889
12275
12792
2881
16403
11866
2634
14726
1884
4513
10054
8641
3555
17905
8181
16521
3254
13708
15660
12292
10088
1249
6549
1762
17667
7703
6386
16792
3015
15656
1389
8302
14155
3432
10461
9935
7505
5875
2437
8038
3467
9351
15134
5481
6966
7086
3992
15707
9984
9254
4994
12291
13508
3768
14253
5242
14676
11041
13023
10147
1646
6968
4369
16474
10361
1799
13777
6372
7403
3756
3172
3247
12816
10516
14813
11749
10430
189
8463
17867
24
12695
7728
17437
16762
10028
6341
13455
7986
11688
9415
4442
3828
12935
9783
4754
115
16706
9700
14804
26
1547
3461
11349
11360
4176
10041
3847
8526
13891
16508
14142
12084
4339
11173
8386
12230
7352
13499
13602
2894
430
16907
10703
14536
12083
11273
16955
5386
14149
15373
9843
6092
925
7845
1141
3084
15591
13673
4061
4642
17715
13963
10844
4398
4849
5402
1098
11919
15634
17339
4507
12285
3431
8565
17136
12644
11440
14782
13866
5223
7444
2083
11100
9095
6521
17352
9739
4120
3333
11061
11894
3823
13298
8443
16645
16875
15632
11529
11247
3030
16990
6722
13509
15407
3762
3138
11071
16831
10480
1198
16551
6640
8421
13859
14082
14822
8405
14471
17017
2723
3104
1061
14219
6773
17148
5177
13922
15953
2242
11184
5786
15938
3022
15608
4851
15342
7020
8962
3803
12806
7351
13318
12518
16005
9273
17652
17201
769
1409
8775
17059
17763
8955
1638
5909
3087
8884
158
2514
16659
4876
16405
5919
15167
15794
2553
15394
10547
15418
5010
5342
2972
7285
10932
12063
188
12000
15091
4728
13246
11799
10584
6188
10192
1177
12913
11599
11157
12665
13577
16345
11253
12745
7421
9571
12080
17551
8381
2624
5363
13662
2181
12962
6002
9135
7897
16989
12661
5950
85
9176
9252
11162
4509
17408
10536
12361
17444
9078
16898
11947
16238
6080
458
3069
9118
14119
3458
4286
6947
15442
3176
4356
1454
9105
2957
6064
17169
409
9786
7361
2601
9944
1982
916
12304
12593
6104
10579
398
5755
8003
5970
5929
3558
147
13974
7287
17606
17896
14474
11931
15338
2982
8951
7809
6303
14823
6275
17448
16139
6166
10099
2156
5931
12455
10220
15832
16548
6388
12610
862
14727
13095
14240
7084
5079
14447
14940
13173
2727
16009
9108
13817
4609
14006
2522
6952
9907
5368
8056
7124
3141
10937
5337
5390
4053
3600
1184
7414
1628
2188
9261
3721
3966
16649
1650
14178
1983
15054
2484
10249
17389
9209
17822
4634
16018
17067
5839
196
2088
6525
12381
17841
5861
9324
7757
2920
7657
3659
15748
16336
12624
9505
16731
16421
13937
8733
3255
9846
17769
4951
14863
8997
2450
8539
17898
12721
5812
6669
8810
10232
8637
7457
2696
17183
10377
17916
2197
12491
15683
8672
2404
4281
5834
2646
7232
7822
317
7417
6687
998
2089
14694
12937
12351
14457
11836
8454
1581
17788
4031
11208
14356
8520
1554
5128
13149
761
3055
5935
14184
12364
16377
13678
14321
13606
5821
7029
10140
7255
15842
556
7241
49
14979
16412
1253
7354
8971
14105
3164
17355
16323
6320
11431
13795
8521
14690
2888
6219
6607
14242
9698
8290
9455
16481
5092
3749
2380
10193
12352
9650
5506
3733
2092
3028
2756
937
15665
2604
12393
3216
13903
1484
16852
7328
4193
1043
10635
2069
1397
9759
17518
2889
17609
478
13002
10569
16704
13291
627
5640
16402
4186
12680
5550
13169
10742
2047
13712
17415
2528
1029
8345
8114
10167
14664
9262
6524
8690
17281
465
7431
11493
10467
2121
1510
14553
16562
4492
15178
1137
9802
15371
11009
4438
651
8037
2631
15257
4112
2238
16540
11763
11258
6791
15773
7406
14344
11804
13244
456
7740
1486
15536
5015
3550
16637
3321
10748
3317
10155
9701
8990
5286
5699
6666
15621
2137
13409
16407
16634
6298
121
2712
11720
10365
3193
10574
12114
6880
9690
2090
17241
8327
14334
10073
11176
10471
16672
10922
15234
3058
17462
10017
12435
15613
6583
10299
685
8536
1896
9029
5592
17055
8416
12952
4626
8545
7655
9600
229
16365
8352
16984
4329
5083
7502
4776
12932
11822
1893
4730
13633
8296
5459
7580
10591
3282
15000
13330
15133
8028
16414
73
12176
15199
6322
5806
17430
4372
11932
11398
6995
14554
5158
3160
13563
15372
1190
8728
7273
7902
14880
1692
8199
17922
3714
225
874
17552
10035
5634
2945
715
9604
15286
10642
875
2310
2674
10656
6830
10734
3710
14147
1880
14987
17335
15202
12268
15956
17150
8073
3337
1730
15471
2516
7535
11559
16595
6679
8185
5911
6031
7793
8412
5857
7244
14096
8737
2311
2351
11729
16639
10733
15132
6774
9250
15511
12160
15414
15472
14472
389
8245
12087
4602
8989
16454
1485
2781
12730
17348
13542
1689
2319
9040
3865
3072
5432
2323
17293
15490
15622
13657
6215
4101
6608
2824
10412
7122
3076
8957
12669
4045
9602
17616
14820
682
552
5185
922
6156
9866
5159
15299
13104
7376
14482
7175
17486
10643
1251
11366
13334
13345
2087
16527
9989
78
248
1108
15210
14610
11722
15451
10340
852
10229
886
2716
14801
6865
10209
17650
13008
9296
14805
4539
2680
10499
17750
3613
9391
4263
13570
17089
14271
17274
7177
8177
6959
14831
2183
2209
8863
11638
13055
5473
8438
1873
3739
16354
3940
15027
9818
13343
8446
4720
9332
14056
10404
15948
9831
10644
12647
6366
9533
6918
16949
797
1700
7392
2408
6418
834
16570
11035
1023
11232
10543
11429
17897
14176
2278
14558
67
12139
10052
15457
12269
4798
12023
13593
3903
5603
5848
13263
2976
5287
4140
13342
17615
10590
4221
15119
2804
1338
12158
4888
2623
2151
1886
3527
6409
9657
747
5598
17504
10005
9897
1721
837
14405
1372
12317
3952
50
3324
16970
3612
6955
13044
5664
8904
7374
1254
6615
2837
11468
16380
8622
6012
7704
190
1083
403
15655
16271
11786
13985
17478
1950
13972
15001
2148
12368
5781
15881
17104
1672
15241
16820
17377
6416
8501
15334
13402
1729
10741
9624
8369
8074
17215
16575
10718
722
6752
2856
10450
14907
453
3027
1106
11742
13749
6775
4168
8999
1152
13612
13823
973
11396
4841
8049
5968
8959
4746
10089
7303
2587
12568
16798
16346
16301
4423
17840
6267
8503
1612
13878
11761
10957
15344
8162
13921
12251
3437
4074
1280
16019
11221
954
11178
6351
5991
6560
15079
2050
6155
12466
14947
4102
7669
11313
12253
101
11609
7581
1438
3331
9321
5001
1339
14504
14516
16425
13097
4424
12671
976
9731
7150
3088
6036
16472
4137
5882
3362
6936
5208
3776
9389
2607
3970
10472
10562
929
16227
2454
3692
1840
9280
16032
1502
1243
7904
15310
5902
3409
7357
4116
10162
8348
8203
17888
14051
1155
13860
10698
197
14172
9575
16045
631
368
16432
17428
15171
10609
14719
6249
16832
14336
10208
12585
6894
9177
14207
15151
3929
4573
4077
17673
5431
14851
13780
2065
2266
2921
15695
1938
4684
2415
1594
9685
7554
15971
12041
5558
5284
7926
11124
764
432
10879
12543
12325
11613
5388
13091
564
10296
11675
15823
8150
9490
2419
15857
6419
9015
5062
4465
13079
14843
5903
16868
9053
6277
7063
9820
13014
10715
10434
3425
6368
1815
14891
3105
17469
14396
7002
4710
12310
2482
14982
16884
15816
11294
14881
2583
16161
5735
11731
8128
7940
11978
14342
4824
12090
5505
12104
13463
15787
7826
868
14861
7934
198
11451
3023
17284
413
655
2468
11495
14138
9468
17259
7205
14196
16465
12425
11300
9328
14415
8922
9354
5155
9605
6196
13513
15668
2782
13465
3189
16567
5899
11408
1350
15201
8511
11712
9151
5131
10900
1985
406
4689
17258
6311
16075
13053
431
5688
1014
9475
12286
15963
509
9004
3208
10057
7145
3098
9393
6133
10676
8543
4773
13847
6994
16766
10899
485
10059
14585
945
7919
9436
15099
7631
14660
16817
8068
6532
7955
3855
10225
6062
8366
5207
10237
869
2826
12678
966
14556
1217
12557
9498
2449
17193
15038
5680
10992
6007
1286
6186
4918
210
8385
12889
7771
2371
9552
10308
497
12324
2518
13235
8954
4056
272
8893
16396
17019
17511
5895
8580
1958
2943
12775
9162
1180
9762
2070
11031
12075
11471
10007
1333
16190
17580
16830
6242
16906
11433
16712
3827
15301
9399
13650
8466
7863
13405
14110
2842
2096
12716
4335
10507
3759
8974
9756
9882
4574
9817
15922
17190
14714
3677
388
16805
8080
7080
12236
11858
6227
12149
8877
4744
5220
9448
14157
7723
1328
1295
10518
7416
13694
16112
2427
13193
8116
14237
12228
7095
11236
3583
3875
10756
4652
10304
3270
13970
4386
731
9965
14052
11348
4932
15726
14441
757
17627
16925
16973
17171
14679
5237
3302
13241
14887
12115
14454
5869
15351
15902
8136
4872
1538
14897
15972
13067
7946
858
11833
9462
7435
8784
5234
3531
1335
10868
4070
2509
1221
5840
11201
11671
10792
13485
4383
2521
1765
7166
15149
17040
15734
10227
9823
3795
16627
8686
7037
17202
11211
10943
9454
9666
4617
15018
11869
2591
137
4310
2284
15523
12776
3922
4533
14737
5249
6467
6103
14353
4514
5896
5546
192
9744
12968
5511
14992
7012
8898
16462
4481
13992
4890
1928
5231
250
11039
14428
9267
16714
6160
13469
4210
17550
14211
8631
16438
3187
11327
14319
7769
3634
15864
7345
15607
8777
15720
766
8859
5423
17475
9648
11042
15611
9719
12992
13806
1803
5120
5462
13641
6504
2184
4289
2097
10257
4546
15313
891
4641
13609
3581
3111
4925
11882
14129
8093
6833
583
12169
1393
7763
11140
6297
1206
6990
17461
3237
2758
6882
2122
11341
10044
6543
13514
6101
5925
16302
15432
2725
987
9865
1363
2748
7560
4966
14622
2707
15852
3962
11793
6553
13720
12123
1224
5186
10906
13276
10234
2684
9888
9337
16113
4911
1174
4937
15283
62
3675
213
80
508
1446
10861
8310
2388
10174
3839
11167
9379
9191
7664
11974
8947
13372
8043
6815
11588
4431
3064
6820
4381
9854
9341
3883
16684
4950
15989
4024
12794
11320
13141
13110
14433
15274
2873
15770
16807
11270
8772
16700
12743
10215
6173
5992
16059
2079
12631
16586
8200
7511
3029
6331
9572
13030
164
5232
4220
4580
12939
767
16536
3831
11543
3433
3385
14487
13064
4087
17010
2395
7974
5567
13644
2640
1480
3220
9652
2959
6189
11323
9678
1920
2406
4786
10695
5326
6059
17645
10595
4666
15519
11011
7452
8598
3364
16073
9183
4233
15894
17424
11939
5379
16353
17347
9123
14729
15438
1607
8359
9223
12944
14712
14460
7415
13269
5038
17037
2542
11328
3627
10725
3882
11283
12609
5825
699
3635
10191
3173
7651
17064
4846
10261
15396
299
16701
11244
5151
9532
13211
523
3165
4341
17780
14761
13737
12052
6065
15128
4548
2864
7607
8871
17732
8252
13634
15276
12417
11003
2182
1671
184
13434
4963
2595
10493
9629
8833
14183
4758
15800
16213
14852
6348
13912
4494
13596
15624
7813
7274
8983
11332
7869
2176
7924
15703
6271
7176
4528
3012
1798
14787
3228
9718
14964
13704
4668
14818
14904
10247
9551
15140
14890
16511
6914
7060
11460
602
12783
5563
12859
2549
13835
10267
13510
9728
9777
12076
14139
16878
14284
16339
9434
13214
4015
14559
4977
6589
2682
8237
1833
6909
10806
4857
6777
16223
2193
4296
12439
13832
3997
237
867
6110
3934
16079
9149
9439
1821
14878
9006
9560
4469
13990
16156
5516
6164
11384
12906
8608
12979
16375
8642
5823
17447
8298
2451
1543
10902
17866
1050
7081
6182
3436
15383
4559
13041
14963
16241
16152
17310
1705
2962
10846
2200
1818
6927
5418
2667
3938
1796
2127
9668
15872
15532
3734
8215
12793
9225
13731
9606
5344
3991
7378
16934
11573
16116
7949
4913
11148
14828
12731
270
13996
3427
11196
3464
1740
14571
7088
4745
10056
10021
5815
16651
10277
16662
13716
2788
15583
10214
12727
11814
1925
7625
7997
15888
8571
2619
8121
15545
12709
15796
12524
12069
15923
1497
13836
17588
6330
2098
17880
1665
11877
8169
4844
7573
7727
13798
8706
10555
7085
14067
7956
14498
5945
6291
1905
8640
71
13778
2228
56
10519
11225
623
13870
13500
17371
3304
11399
2329
1943
5796
15187
6047
6552
4649
7877
8657
2847
16771
411
5641
5576
10744
13715
12677
6364
16803
3860
12246
9670
13125
8747
16103
8107
1767
8299
15711
8258
14117
9732
9442
14573
3149
5197
17514
12544
5090
13729
8638
15995
10897
8452
16350
14857
16082
2160
996
5775
8372
4505
6049
16480
4349
15556
9525
1010
4331
705
9811
13858
5474
8665
17925
14068
2787
3680
15696
3818
8879
6903
16793
9349
892
13145
5863
8632
10352
9916
12505
12600
7222
2301
17718
14889
7805
3810
1094
1559
13151
10189
10921
14865
9499
2730
17159
860
7264
4756
9363
7811
11745
16975
17927
15994
13178
9413
3365
8351
7525
16692
4954
1166
6717
17908
15790
10264
14549
4608
6662
16373
1300
8329
13881
5633
2489
16319
11594
16020
14292
15206
5114
8936
3441
13625
10979
2560
7823
12841
2208
8612
15484
2215
2074
14064
9102
2779
9288
1384
3293
3380
5653
14180
758
5980
10309
8469
13253
16981
5638
11767
15606
1599
8625
9362
15055
11681
6122
3944
6008
8895
10997
9814
1777
15380
17597
1035
1220
382
16199
4531
6240
125
15577
17204
5530
16222
11288
9154
1753
13610
1553
14564
621
13295
511
7894
5414
7810
7386
17029
9832
12026
3534
940
12820
6088
11302
16890
15242
16015
12954
645
14764
15285
9423
4232
14478
3063
11319
1374
13879
1402
5428
16794
17532
2555
13615
4579
11457
562
6513
11049
9742
9696
15477
16703
11778
14739
8553
4270
7209
10205
13655
4336
9422
11965
14760
4325
12638
11179
13227
13726
5668
2044
17413
1579
8953
353
7183
10399
5135
7019
3346
2125
1855
6241
291
4771
1346
15680
8824
9508
14535
10627
391
9566
11999
11560
13498
7186
10101
17237
3238
6204
235
3631
514
14736
8279
15258
17678
14765
16911
1944
10697
3774
17610
2793
8933
7695
12588
15328
11098
5244
4938
8389
1142
7622
2405
6853
11892
1968
13555
13820
11717
9595
5357
4277
4192
1859
15993
5766
5110
17196
4737
7196
14815
14508
1550
8506
12779
5384
8748
3824
12594
1353
17361
15124
7522
9750
6490
17684
9208
16913
1711
12321
8041
2699
5679
11094
8711
10833
1874
9948
9216
2046
169
416
15850
7495
11166
4981
17285
8597
2825
4283
15941
11210
1881
17835
7062
6283
3535
467
1822
10935
16228
10223
3340
10
9879
3411
1530
10236
14989
5990
17836
3740
15771
11389
9122
8817
4785
9196
7537
16040
3420
9311
15458
1948
8015
10025
1440
4593
12986
12791
14641
5396
10105
11982
7520
1901
13842
3488
292
9476
8361
17653
614
8161
17828
8517
8610
3006
7061
12148
12753
8805
9030
12127
6010
5975
6430
13327
7662
3760
7207
936
3754
620
58
6238
7506
8741
12223
6376
12538
14517
11783
5739
6019
1488
13543
16197
8649
16090
13442
4441
5999
5023
12445
10611
13311
10168
10324
5618
4285
13486
1064
12733
3705
13565
11434
8184
15385
1615
9366
11663
10466
17107
625
17304
9155
13267
11762
17688
1620
17161
9207
17078
14930
12763
16151
6708
3764
14645
11952
6381
11063
11075
12163
16388
9788
8576
2956
148
1515
1450
2910
8573
10914
9933
14331
13257
15792
5517
14531
9900
16370
8254
5601
6408
16193
6428
16312
13774
6606
17856
4733
15637
8730
4219
14223
5035
16948
13810
9573
6664
10933
9286
12567
7295
15065
7742
10378
11918
12450
9137
6171
2322
5303
7835
16813
11997
16691
4215
3199
10616
15928
12945
16218
10066
5778
14466
10100
9222
15646
13347
10891
9529
5021
824
7413
16287
3968
10887
4600
13082
1592
10171
17372
16299
15102
15068
1565
15069
5972
9921
16022
4554
7492
551
17636
15604
2431
3533
528
17130
2353
10350
3691
12486
191
2540
15204
7110
6333
15218
2372
7319
5849
6862
8652
2778
12481
3137
15081
872
1655
904
2048
1416
14514
7966
9733
9955
16626
11990
16242
5366
17298
1006
16440
15335
4847
4462
8214
6116
5183
10796
2203
11608
17380
127
12068
14300
4414
10010
3042
4208
3873
9056
12934
13069
10702
3468
1596
7269
323
12043
4636
3024
10618
5985
3397
14527
5757
2916
12367
701
5070
5216
12494
3308
98
12037
11231
8855
1921
1801
1034
1405
12280
6739
14751
12398
5894
9767
4136
12666
15332
3363
15246
7318
1904
3551
554
16262
4334
3712
13406
4008
17145
6383
11160
9520
5846
4345
5099
4121
14970
16268
17047
6888
6875
16504
17911
901
11145
1371
8513
772
7402
14130
5774
6355
4693
13853
1357
828
10910
4455
2791
12224
2440
12837
245
8186
10384
10231
2762
471
14327
15039
1175
2453
17381
14990
5885
7954
15061
12092
3757
13058
12166
10396
3744
14864
1412
6354
8881
7436
2059
16259
15498
686
5794
6024
10716
13622
10125
14258
17777
13583
15510
3382
10976
13594
4020
2066
3140
5512
2186
2056
9136
4450
3829
8259
4171
10620
597
8187
5501
15976
2377
7584
15074
12715
589
9289
6356
1817
9012
7862
223
4201
16177
2694
2950
15364
10545
3588
6083
5704
11589
108
14322
5741
6749
13374
9301
7441
8978
1806
3083
2588
8845
6099
14400
1375
331
6142
8322
5883
6673
6868
3761
6192
8158
14572
1348
12138
9440
12558
15954
2165
12233
619
3349
15811
2648
16927
8915
16304
5649
13181
3753
2968
8563
11491
11338
7342
749
16092
3984
15412
5160
116
16758
6476
11734
14502
12447
16371
17441
13238
14669
10206
712
9282
9212
15699
16455
11017
12555
5854
1719
441
10996
3958
5373
7610
17379
9215
3751
14814
7387
3152
15381
10542
2664
1698
696
8233
8383
13404
1645
14042
7751
17147
10629
6450
12670
3421
1269
16863
7642
7217
5059
11096
7917
2461
17513
3167
1310
8205
11680
5625
6150
7801
10065
14914
452
3388
3821
7
14171
8027
16390
12956
1367
2746
4856
10026
4664
6374
3950
16999
811
11376
9360
9522
16288
2029
2256
10707
2142
16188
11117
4409
4970
7316
14462
6447
1520
13088
13605
11340
10219
12377
5361
9394
5719
3785
14921
2369
10712
17243
6486
11756
1915
16828
5957
12772
4907
16205
16777
5867
3171
8154
6006
7928
6436
16393
12216
11182
2986
6970
425
12923
2741
11747
17751
8306
12428
14662
11138
7716
4519
1854
17234
11365
11692
4276
12595
2755
958
5488
9509
16387
11235
14406
15496
13277
854
9945
14692
14747
11752
502
3801
16464
5425
1443
10385
17582
4063
1829
17792
122
16919
7596
11852
6090
11842
3049
5190
6570
17051
8294
10305
6367
9253
11378
16674
10190
9325
3585
15261
9910
14543
3664
16638
4415
17900
13690
13202
11343
640
2357
9487
13910
6498
15353
8981
17021
15172
11444
774
15289
5663
17902
1586
6630
1233
10895
16968
15692
3150
4338
14673
12611
15988
13161
13834
11685
7101
14166
11488
6617
8687
17807
10351
4107
7113
11185
13369
8242
7915
2173
3242
17540
4252
14776
16870
12365
10749
710
1908
15481
6025
1320
7427
13225
11464
9515
2332
6432
1128
6958
7527
1529
11082
11668
4011
15636
2359
17325
16963
15162
14540
6494
5923
9787
4298
16809
14873
12017
17070
13133
13682
14137
8142
8960
14152
5722
354
820
12177
7991
6406
515
17480
1103
9930
4717
12500
302
17044
13743
14075
14026
903
11934
14793
13071
9649
12579
3547
419
6098
4390
2298
8021
16037
2610
17446
17024
8246
4543
17252
13864
16604
14158
2162
13037
12512
16021
14361
17455
4964
968
14021
1458
8387
7148
4671
8164
1278
10335
13314
11707
13219
9992
17049
253
14607
5493
2971
8354
14795
11884
9674
17324
16056
11885
10149
12633
14716
13282
6713
5028
11318
298
13548
13659
11377
11394
7280
11994
17225
4429
484
5252
17522
853
16952
8477
11014
10755
3106
13398
3081
8378
7077
10939
14313
16418
6686
4161
15369
4164
3422
16776
3539
16430
14744
16382
2441
8202
11973
8311
6137
9211
16699
3767
138
5675
14984
1237
1478
1633
5380
10776
2813
591
896
17283
2802
17224
6912
1978
15123
3371
222
8695
6643
11555
17508
5492
4273
7587
15032
10805
15419
3314
7851
1336
8980
1626
3911
13753
17491
3792
7812
13022
16055
763
7385
4702
9130
4761
4597
13687
6670
14702
512
12469
5215
5224
14365
4923
5031
9051
11152
15240
15215
7405
16039
7067
17419
13388
1986
3203
207
10188
3478
13544
15270
3726
7024
2830
980
2637
5264
12395
7555
9425
15799
9923
17628
2157
13505
6212
16509
7995
205
11476
9453
17824
3268
3668
13144
7263
5025
7549
17696
17090
986
11058
16367
1410
12822
9986
2931
14665
10706
8684
2743
7143
6832
1092
17470
2218
12410
676
8313
5893
2584
1989
723
12844
13164
11944
3235
5652
9874
9097
2963
3908
15259
11291
11700
86
17525
1899
15564
17857
2862
7474
2735
16369
9304
8326
8753
11010
15810
16296
17112
14915
5667
3965
16825
8435
4359
7422
10141
2054
2019
13018
301
5429
7561
4843
3741
15059
14896
12403
9364
8575
11992
11241
7501
6400
5320
16673
6644
12886
1476
4069
11837
5538
8996
16941
9085
2409
3183
8586
10438
12055
7839
8225
3099
10745
6230
6625
9412
17013
6085
900
8325
1120
346
16711
10680
5168
367
4811
12526
17423
15340
7918
12976
14440
13528
12044
16114
7173
6863
12516
8339
1292
6978
4448
8209
14497
9283
3587
13387
4949
66
1824
9356
2314
10258
1296
2892
7053
4895
8707
4806
182
3650
7519
11537
2421
14099
4975
11250
17155
16707
7564
8397
11466
7164
4751
4239
15422
16119
17690
3976
2348
12146
4612
7547
16735
17829
16002
13281
11795
15859
9447
1052
5876
2465
14998
1795
1600
15095
17294
8897
3670
10554
28
17926
1195
3649
5308
11510
7158
11921
1245
144
16452
13325
9908
12347
2596
12602
17317
9517
14216
2325
17135
12473
15271
224
8574
16284
3112
14568
1451
5656
17864
12414
2303
6474
4432
5442
9826
12781
1282
14277
4707
8474
10688
6535
12210
15317
1652
1461
17432
9664
14169
12272
13213
9170
11739
13009
2749
10410
17782
3723
4590
9396
16386
17178
1587
13351
2104
6270
8882
13484
12583
2140
17604
13871
13574
260
10177
8991
15330
3919
16342
10447
5130
12151
15320
5998
4340
5581
9835
4640
13863
13667
12537
15188
14037
2885
9116
8319
3738
3835
8122
5553
10120
9558
4395
11772
17134
9734
16381
3638
1054
907
6850
4987
13462
8932
15071
3842
16893
7754
16611
14092
17162
173
15190
8998
13931
3665
2581
7559
16926
9019
5644
12769
11694
12736
4757
943
9859
7619
13721
5479
1930
4144
8196
14381
13019
8668
14364
5864
12559
4557
16095
17760
1063
17870
11269
5484
16818
7106
14885
4828
7389
7749
9460
10563
17707
10253
9931
13439
9647
15884
17683
2086
4880
4198
9586
16784
8624
6493
12477
606
271
12067
7963
11769
14373
3213
11727
13195
10709
16660
13620
14224
8138
13746
6697
15853
11736
15717
8331
13627
636
1648
6533
17043
2991
1677
4387
4111
3017
15439
14777
10006
3557
8818
4565
76
8579
2729
11292
5117
16217
12103
8770
1232
211
5225
16126
17929
9343
7025
11299
12995
14031
8754
14895
14338
5673
14010
8065
1724
9213
6292
17861
10973
7696
17143
5153
11528
11118
546
15384
4308
16974
4892
13560
12760
14094
8221
3424
14449
17390
16650
13640
1258
7816
6495
7534
16720
10766
12742
13436
10246
13898
5685
7477
1876
10818
8238
8368
14326
15404
11159
4241
3971
975
15690
3205
11441
879
2316
11418
2815
12440
1800
8976
9568
9741
13481
3957
5298
3672
5294
14341
13532
8931
4086
3602
912
4191
12613
7202
15049
10346
4295
11730
2460
14913
1457
8709
9713
2676
2354
12693
8488
12949
2510
16810
15365
15183
11153
14647
10916
8131
8091
5726
5100
6396
4659
470
4581
7223
5973
1990
5243
5566
15983
6609
16698
12170
17200
7107
15526
14825
1293
12495
6039
776
12375
16717
6239
15712
878
3281
11168
3002
6658
14254
7451
2907
6872
8889
17314
14985
14654
1192
7432
12370
2573
2927
7455
7786
2820
1257
737
2000
11447
377
13180
7074
3315
9336
3102
11289
9926
4698
9013
94
8617
16580
10673
7383
16420
6562
6631
3728
2445
13472
15867
1764
6839
33
14488
4114
14324
2064
7806
3913
3857
2494
7398
6877
10940
2309
8988
277
17453
1964
13877
6358
12266
4535
3679
15450
13930
3016
17473
15304
16612
15878
10520
6198
13346
3221
4821
1066
4779
5068
2436
5763
10199
15555
15156
8865
2955
9725
13983
5455
17002
4385
5203
6856
6220
14048
14298
2225
6434
3678
14507
14107
6040
15408
11212
10517
16024
17023
12390
233
9752
12120
1900
16571
4550
14028
2533
5568
12520
14248
9784
14620
1185
17210
4309
1260
16633
4627
5844
9870
7219
10370
15996
15521
4447
11307
13626
5238
17859
1585
7161
447
10534
12607
12318
13306
17113
12942
13446
1540
11416
9099
7730
17890
8696
13366
7399
4912
6575
3935
12243
2009
410
11020
17272
3370
10826
16174
17109
446
1697
16487
6075
11027
17656
9281
11515
9849
435
1239
1302
11596
10282
17808
3393
2572
1408
15528
16108
15435
12685
12400
1659
16768
11271
2068
3660
3359
14247
12823
6948
14846
1864
4838
9355
14580
14693
4685
146
444
5610
17181
9758
5354
6646
16903
4891
16531
13112
9976
12784
9424
10795
5937
10453
16901
14687
1756
40
8088
2446
778
14829
15284
17872
4389
540
8277
12662
358
14817
7844
6412
5760
11971
11824
15903
3900
8561
3766
15769
2370
8424
14650
16229
8604
16049
12313
17184
8494
13494
3822
10269
16486
7504
4629
10786
5497
12964
13272
3773
2058
2447
8408
16643
9179
7923
877
11301
14974
1709
15052
14590
15970
6460
4129
17477
3942
7887
4495
14538
10040
12004
11448
1805
6056
5454
11865
8607
7115
17560
8301
6993
12262
8752
4030
12484
5440
5253
1208
11214
17847
15329
14977
10572
5104
17764
5805
13869
15203
12676
3590
7317
9860
10583
5321
15085
15421
1649
4555
7782
17537
17644
17748
6884
8371
5944
7665
15116
2430
474
16742
12509
4493
7999
16664
4605
3830
4476
8858
6181
17410
756
4990
11582
17086
2875
11296
13089
6503
1786
9430
9456
15395
7353
15501
12142
3130
338
9549
6086
15189
13539
16543
13222
12534
4960
13760
1359
17711
2006
1284
9851
2713
9740
227
7613
13172
12278
3626
6093
7545
2857
7962
7321
4774
16121
3368
8423
989
4861
6795
10851
9397
3886
14125
2574
10689
10920
15630
10912
5227
615
17721
5523
15127
708
17901
8902
11961
14450
15892
14644
11131
550
3633
9995
6162
6392
11213
2563
16428
4726
3780
6926
15179
1804
9953
9541
9769
3082
17865
16475
6379
3783
10878
5879
2710
11912
15508
3988
8487
16318
8582
808
12331
6302
7706
140
2416
11279
8714
14630
17308
14436
88
5282
5334
12475
12059
10463
1364
2424
3252
10359
3506
14490
1125
7646
3070
15347
11771
6675
208
16347
4145
6895
17664
1508
9693
9375
16098
15913
6668
14730
8853
5406
14910
7668
17128
482
10893
7137
5604
3057
11280
17563
13025
13467
2947
13148
9484
7297
3089
9654
9125
15309
16888
15874
942
8930
2455
1998
10067
160
3519
8119
6725
1288
6097
13735
17519
6637
648
4984
10544
5887
13527
2577
2025
15701
9017
9626
154
13356
12402
17910
6069
762
11935
3414
10179
11876
11922
12581
3632
13026
15886
8461
6561
6145
7006
1489
6538
13361
15495
2171
4118
14473
7042
5066
414
16753
3374
5163
6828
2740
11735
7536
15553
1181
9790
14148
13384
13915
1102
8593
1591
10036
4350
6802
15659
13352
2790
13723
2922
6484
4564
13264
7309
2307
6984
8333
8095
14501
8281
3244
6344
15934
11324
5101
16525
8578
3708
251
10827
2593
10788
3161
10373
8839
3512
11479
6105
5609
1619
12101
9979
16765
15161
10915
5932
11616
13288
12105
11797
3139
5509
5433
3404
11725
13360
7860
14550
10424
17860
1474
14141
6727
15551
2192
8274
14351
5831
4207
14205
13805
6813
16372
7467
3309
4827
5221
4123
11026
7102
12632
16324
11316
11147
5665
13639
17527
14886
13383
6544
1610
13444
16929
7254
1788
832
14493
13451
124
2546
11445
6847
9970
15125
3097
3894
3412
5519
428
4255
12953
17783
8507
12490
13568
4245
9961
15475
16744
13142
5376
5258
4275
256
11741
4388
9636
9565
16920
3566
1897
3469
3341
13944
11631
8174
14655
13947
10477
3482
9331
2632
11911
13363
11259
16994
5142
488
214
5982
14489
14065
11417
6917
5122
15278
17416
574
3311
2324
15809
10270
15710
7058
4900
921
16130
15599
1501
4715
15441
316
7939
12819
11436
9446
10983
10415
16939
9497
4182
1996
17253
1134
13075
3981
440
3811
4287
1662
4655
8734
3129
15603
11446
11069
5296
1518
10951
14030
3071
3249
12116
3816
8802
3180
14800
13523
1347
9182
5535
2630
1028
5837
9903
15143
11615
14194
4472
8085
14759
8340
9472
14616
2693
11942
13848
12735
4567
14778
7094
212
13448
3192
17031
14213
8280
6719
3116
12929
9474
4748
7068
15947
7260
9121
7117
290
7277
5905
10245
4588
8118
15667
10148
5338
4586
9197
11195
3794
14853
6885
1755
13239
7570
5637
11141
13710
13828
1643
3418
128
15943
17881
11888
5047
4254
2954
10626
4228
14772
17842
14387
5096
3260
9202
9357
9091
17603
12155
5161
10772
9969
10723
4826
5416
14918
10729
6046
6139
13648
6514
8014
10825
8727
8921
3553
13412
493
3758
9634
11871
15251
13809
15565
13466
7965
927
2444
12915
6841
14803
15830
13
1058
14529
322
17080
4148
13968
1789
8913
14812
15927
14439
6143
9645
2493
2204
2673
12750
3157
10460
3951
10784
16191
4677
399
361
1981
9224
10619
14701
6624
16282
10391
13587
7994
7628
17105
1436
911
10306
3880
3438
15590
5554
6042
2163
11689
7513
17599
6822
16962
6546
11960
9083
1358
289
8779
13196
13818
10001
16864
2326
3989
10730
8272
16826
14511
6512
16583
15527
16719
1941
14467
9400
14229
9074
6922
8303
7230
17329
2117
3007
6424
2829
11780
11666
9582
16069
13724
14182
14288
870
1598
14475
11171
11860
13045
9199
6480
16897
14706
5551
11777
6509
17529
979
7586
8945
10127
2605
5620
9093
3909
7152
612
1737
16823
12927
2704
16969
7046
5582
14496
8006
4753
9914
1835
5860
16499
4939
16442
11076
14080
14154
14127
1656
3704
13895
2053
257
14246
1969
16519
1548
8639
9749
17826
17301
8704
13216
9279
11508
5043
16873
16406
15326
9234
420
2511
17220
5993
11872
15674
5589
2902
9401
2639
15957
175
510
5818
11660
15375
1793
6440
8362
11753
3257
11132
11650
15879
7901
13076
2285
16503
7301
10494
1826
16854
17279
14551
11388
10459
8841
10500
15912
234
7362
4318
16971
6838
10201
5709
12940
17403
4734
3225
14084
14539
17418
10454
10965
5377
11628
9991
17577
6472
1640
12199
10969
16397
14506
7672
12330
12711
9514
8623
17068
10248
6280
15157
7483
14546
6933
14909
6622
7693
14370
10469
8967
3008
9578
5247
4736
8795
10986
8442
11248
1012
2671
10330
1537
10108
14769
11811
4822
11887
3316
1051
5144
6442
13764
4982
14838
9032
11356
9163
1566
14653
3154
7815
2621
17195
12162
10084
11419
13924
11703
5785
15277
1391
2425
15297
10758
2985
12046
4739
7563
3725
15768
2764
17276
1669
12517
6688
6731
15713
1173
16560
16400
14391
10048
69
15513
6254
12657
10129
6745
1360
16115
14608
7910
15012
2149
4402
16478
14710
5943
9863
16357
10771
4800
13426
10301
3273
9912
6210
4315
13441
15020
1810
408
15635
3931
9861
5574
7089
13736
15783
8651
626
11620
8857
17619
12810
6107
918
13850
8693
1381
1327
14962
14717
16772
3090
7171
15103
5524
5486
14724
15311
13886
9124
2110
6481
12973
14510
1621
4670
2530
17845
4934
17479
3990
8590
13875
5910
6663
16163
16416
15925
628
1556
12615
16320
9794
8630
11708
999
17127
2291
1972
6821
1115
6647
11245
5436
9906
2023
1895
17119
1324
13348
13432
16891
3655
10289
1670
5273
7433
17079
10425
5526
17098
10735
10804
16461
5615
10604
11086
15702
1031
12002
11775
7614
8388
13697
4965
11306
17762
15296
15678
7575
9219
10856
4078
5171
14548
14956
9917
10991
6023
8811
4184
14917
4500
13052
3943
10371
9119
14499
4961
11022
12977
11784
17843
1447
12653
5071
14832
6659
11856
11091
6873
7899
7368
5962
5042
9954
9694
16292
2002
9438
17658
6261
11989
12493
11670
13962
13084
3383
4047
7867
17640
6172
1452
10690
13775
13380
7486
5248
3540
4714
17271
9450
9915
3020
13447
5878
17705
10241
9672
9704
957
12882
9880
9795
876
14656
8462
7808
565
2199
10750
1281
13617
12190
11684
5933
5695
4132
15459
9308
3687
5424
3995
3572
16759
16492
14
15575
7864
8356
12265
13839
11467
16143
14081
8216
6382
12327
5173
13430
9489
12759
8017
7054
17517
22
17232
426
15518
12739
3051
14638
9265
1926
3918
17581
6530
10033
893
6096
1871
13672
17345
1526
5767
3298
13294
6217
10623
7737
1138
5336
859
9358
12652
5417
16883
7543
17458
16615
12899
2576
16270
15331
4979
12141
2263
7791
16062
7007
6296
12036
3473
9371
2217
4955
17698
16512
11798
13705
4780
16577
13889
385
13557
887
10653
6965
13658
5445
16404
8066
13135
13706
2655
12458
9641
15031
14089
2690
4769
2795
10850
14430
10138
3426
2848
16517
2552
5343
1150
468
13024
17895
12178
4930
9878
3657
307
17076
17054
5254
14098
3
2246
14062
9929
8287
13916
3892
279
12040
2773
4379
17137
8659
11375
5050
12686
15936
6229
3807
4537
6810
29
5956
1373
15213
6483
6051
2366
5055
12737
15952
17674
16429
9581
14431
12699
1122
10675
2483
7243
10586
12252
2668
5996
8544
6037
3639
11142
9416
4592
9350
10383
15139
11463
8239
16605
16862
15488
16137
9275
3529
13006
9905
17558
4525
11234
11603
5405
17797
15370
15145
11719
16489
15011
6397
14810
9754
11456
3387
13685
181
4850
8523
5093
362
11986
6757
4303
3869
6066
6268
8662
6581
13759
7988
6017
13242
13559
14627
7268
2296
13637
8260
17530
4611
14731
11819
4354
2752
7488
10486
7289
7130
14104
2951
3925
5335
13048
14633
7679
12880
2817
11415
10925
7215
1317
7659
4904
11758
16378
5313
15232
1763
9821
6233
15981
10711
7356
584
12284
4534
6547
12994
15469
12282
12623
4921
8791
10356
11030
44
2850
13939
2205
7685
815
5064
14039
6934
4205
8072
1230
8994
16770
9451
43
1242
16148
2520
3328
16622
5737
14116
1617
908
1965
15252
1351
7473
14944
727
14272
15574
8179
6232
3147
13589
10382
624
12672
8599
7975
15885
10444
11459
418
2147
16553
796
3201
16855
11970
6022
17165
11612
11583
8785
72
14195
15291
2899
11962
9697
4511
9203
6808
6848
13355
8418
16256
17334
5732
13302
7678
15288
2570
7307
13959
15793
9420
3907
12552
8692
7096
3428
14363
15333
14120
4687
11309
252
7565
12991
12294
15658
1696
5358
934
14624
7592
7032
17564
9009
3062
17819
15647
11574
11823
14663
6793
15779
11104
15736
11409
738
5608
17052
3640
9726
12175
17520
6260
1202
9365
483
12948
10039
10841
12497
9824
5613
13376
2331
15782
959
13440
12200
8636
7293
12864
8103
16748
17877
8567
12303
14088
14542
1475
15999
2473
3920
349
7139
4805
14378
720
2189
15354
10541
13932
4185
16760
5280
2478
16625
2032
14290
4027
14090
7027
4141
14563
9320
8480
6710
13425
6087
13981
4831
7156
8473
4393
16899
11554
27
7964
12311
3210
7890
16908
2551
15669
17745
11690
3521
1680
1047
12749
4672
13184
17717
11426
8809
6216
16882
11516
1060
16780
2923
11682
13040
714
2338
8183
15399
2341
8823
8220
16451
5660
16821
9988
13782
10890
2912
10107
15159
14118
10186
14797
14491
8249
6332
9669
3181
11948
2612
12617
1165
6545
6425
4458
6057
10811
2269
13027
4002
9612
7914
7913
10610
5504
15780
1133
2194
3386
15350
3586
6534
17363
952
8071
10613
6703
14411
16303
15580
45
12650
4732
11636
7724
16576
6626
5881
13772
2164
12870
8765
7600
12112
14357
17096
17833
8291
9247
9444
4502
17663
2645
3182
11843
7765
3843
4019
14874
2396
1136
6961
4782
11123
11518
12875
11601
7114
6475
14000
13613
14414
12312
582
3641
8968
1065
6729
7945
4607
6211
8231
9184
1980
4582
1462
5898
4347
13307
4055
5449
11047
1773
6274
16200
16501
16340
6563
6823
3611
13043
4348
15930
2917
9510
9963
12725
231
1110
4071
2071
13533
9330
11186
4524
719
12751
12900
9345
688
17038
7714
5768
11146
4043
17140
9563
5961
6756
3514
7266
17327
11940
1759
9407
14821
5873
4
12057
8678
6690
15147
12817
11561
897
1248
16872
6764
13549
11329
633
13960
10578
2135
9590
4928
5257
3980
6794
10974
5476
10553
15217
15009
12476
3937
6033
8061
17815
17773
1355
15041
14429
1213
14409
4194
4631
15889
14034
5389
12392
11975
5921
9236
17211
14458
4328
7151
10226
7308
16187
6527
6146
10963
165
15524
12267
9617
13177
5217
9237
821
7778
9884
11706
939
4411
13554
4236
8449
11738
8440
12025
1079
6682
1226
6375
8289
7211
1836
690
3532
17333
3788
11217
17399
10307
2328
14938
5772
538
11393
244
14513
4353
1434
6680
4444
9046
11128
4599
16089
17548
4881
10333
11065
15416
5762
10928
7238
14577
10859
1423
12514
16134
16132
6214
2219
10721
8878
9269
12876
7576
11121
15319
13200
1694
4551
9148
7013
3652
5347
11345
12487
12523
9132
13458
14611
13223
9729
1468
992
2609
12211
17289
12959
15762
3685
10967
15070
11854
350
10130
11651
3292
6393
1276
2108
10657
1846
11119
7039
2360
7884
1504
9705
17393
7098
5507
10049
573
13526
17194
5756
5974
13964
1887
6696
14367
2836
2622
2158
13210
9622
7957
10631
1019
12863
14017
8870
7503
10132
8701
5514
3034
17269
12980
3930
12814
10847
4952
8444
8343
1642
5648
14270
15757
7886
4853
795
10743
8888
10363
4619
1631
3846
16861
8745
812
3300
9973
4797
9998
13487
16987
8663
9583
16514
6551
16688
53
11395
7780
13419
7015
5927
9886
10855
15755
13529
10872
16220
10418
16436
10658
81
11108
3912
14732
10998
13245
2095
15980
4151
14340
1413
575
9027
11955
2495
845
9188
4916
10022
4766
7288
8156
8420
15336
13427
273
14957
17899
16247
8271
9639
6811
14325
15901
7126
3197
340
13766
12442
11954
280
7412
7562
7404
3884
1953
6825
6784
4561
8966
10421
17359
2880
461
842
9142
3820
7514
9378
9406
13176
12213
14643
6695
8502
14547
6864
16445
16778
13838
9738
3802
10061
1003
789
8867
17852
7906
3727
5167
15362
7638
9
618
16180
13621
17326
8398
1776
5126
13015
15966
15582
12732
2305
12529
10109
8923
13370
1427
10210
4436
5239
8033
10739
16392
2392
16260
6353
14833
16568
15841
9753
12197
7021
1860
10512
10172
15363
8906
1223
6153
9613
12421
8535
9271
7234
5914
9844
6944
9000
8134
14666
1334
3570
3614
17214
12926
2995
1525
171
2867
6571
1439
9766
3517
10332
15017
1848
8749
9429
17578
11791
4501
7866
8146
5480
590
6304
12630
16483
4510
8547
8125
15758
16666
7338
13943
5499
4621
4174
2568
15035
5438
2136
17421
13942
14871
5924
3796
8927
2547
1768
13386
8467
10869
9024
9667
5017
5872
3066
13349
8529
15840
15082
3582
17585
8699
15761
12189
4010
13293
5165
4496
13873
13521
5184
8170
3562
4767
13258
12185
14083
3628
11275
3312
12366
4552
11542
16785
4218
1030
4883
6178
6458
11902
11705
12761
17213
12642
13315
14122
14741
12182
5800
17490
7532
2374
11397
14407
10265
17218
11454
10564
4920
16881
4361
14102
10348
13408
6842
7424
14734
16578
17367
16123
13496
16490
9329
10927
5188
10272
609
2179
9876
4807
4028
17306
4727
12938
13183
5152
12771
13976
10381
5369
9819
13824
10727
4073
15272
8946
5057
4604
12240
8353
9665
10250
12580
12860
6491
3449
14286
2598
6063
8404
11498
6685
765
9809
7641
1445
17026
1790
10984
17139
3993
13645
3332
204
3947
748
17343
4160
4278
12226
7825
15975
1441
4783
10674
10919
2965
13299
5930
7057
7981
12074
1852
5324
1914
1385
16046
851
13339
9506
7072
12079
12533
8633
17295
2580
7265
16233
4314
5073
1045
3352
13118
7045
266
4487
17170
11326
9246
12029
12955
14257
13454
3038
6991
12795
4451
10020
4905
15468
13689
1158
15002
13956
16184
6859
843
10558
15428
14283
1971
951
12077
16144
7121
1414
9001
9556
1575
17600
16767
11295
13802
12983
15774
7179
5345
8798
10145
5451
10787
15499
8963
14097
17188
9585
6286
11838
13784
14835
15910
4327
15225
8658
17391
5430
3256
1635
247
12305
10440
17292
17487
1584
1215
13695
4755
11243
1935
3763
9248
7463
2841
327
10055
2028
2055
14295
5647
10015
9561
7612
17407
16799
15849
1736
2512
17583
7323
1927
6867
16535
10722
16763
1479
15708
4944
5348
6487
17429
15914
7423
7306
13732
10905
16749
11274
8844
15974
11189
924
8725
15060
17100
6597
4003
17203
4690
5063
17862
1937
3330
15487
653
2368
8207
12070
1290
14933
2300
8705
7597
14738
12306
5822
16335
5555
8314
2525
13303
8667
10614
5125
5888
10646
14713
132
7214
3731
2220
12051
17063
14403
12674
11261
12861
17813
16978
5471
8079
830
825
2166
396
3285
5176
883
16091
5829
13683
2177
6415
15909
1025
6792
17726
7105
12918
14703
17297
17411
15906
8394
11896
4953
5565
11530
4591
13522
13757
1337
14961
8166
13660
8160
16111
7371
5192
14145
11581
5434
1429
16008
15221
15051
622
11202
7384
5966
8570
10414
15990
8813
1214
10439
6094
7546
783
15740
5210
743
7460
3226
3825
8892
12922
1802
1613
15463
4972
15474
17144
3720
2768
16998
8664
13511
3276
9249
9361
5835
8430
13572
4789
6691
14040
3059
12383
6720
259
13719
387
9562
15772
15209
14022
8975
14649
12289
10961
16366
4823
17384
17440
16310
679
16325
14686
13070
12071
5230
13991
16035
15037
4941
15182
6058
5503
9803
13304
6060
9348
12967
3399
919
2403
6127
6221
3902
9716
5111
587
14185
14054
1683
7026
7465
1774
1301
4639
2426
2213
11489
11737
17273
7075
8360
3954
8275
13598
9169
2635
14456
2022
15253
7738
595
8393
1262
17921
5677
3443
3367
9463
17006
17767
17280
13794
4021
13175
15135
3143
10103
12117
6998
7688
17320
17618
15255
17268
12319
2262
14091
10524
13394
9547
1129
1647
13423
14519
13138
16479
7235
2114
16932
6893
17858
11062
4542
6771
11215
16725
12565
520
7078
12359
9671
5109
7629
5102
8453
17531
4199
11331
9305
16313
1469
16063
11492
894
6308
14199
12498
16710
5728
3752
12404
8269
5884
10952
2855
14711
15077
14667
3457
11161
84
5133
11913
6263
6921
8596
11284
17736
5764
7739
16297
16128
8601
1442
2763
8670
3698
4790
5544
12970
15973
5233
11223
5178
10071
6257
10936
5274
12257
7100
14352
8583
17759
6
6812
5662
4068
5291
7707
10822
13445
13229
6454
6760
15131
10368
6158
3373
7044
319
5623
14442
8726
9544
2021
9616
11635
2001
11133
4681
8110
8337
16164
5422
9457
11879
6451
12097
4896
7531
15546
10950
14791
13585
8406
9367
1356
2115
13614
13373
161
14250
3932
16118
12471
12696
3568
13578
15454
740
3094
5370
665
7647
8315
2852
12668
14752
6904
3921
1667
7453
6633
2061
13249
4110
4893
13595
4894
7567
10446
15931
14725
8084
1516
8409
2051
14943
17492
1780
6405
2821
6843
7675
7276
13182
3658
4866
11655
15804
12459
5684
6740
16138
7621
11677
7038
11779
4106
16902
4001
11979
11353
11527
17886
9924
3699
14876
3381
16933
3576
1022
6905
12099
9092
11059
11325
836
12912
5799
11381
13556
14893
5181
1745
12904
2644
17097
16550
6555
15759
4497
16285
12276
4603
11953
12264
3654
8732
3853
3500
6327
455
13880
9157
11966
16853
11335
3250
11538
14993
12836
561
9614
2908
10038
10660
9048
16930
7292
10790
17401
7768
2792
17322
4154
8744
11111
3398
6857
864
13218
3162
10924
603
480
13468
10699
12719
8067
5392
10668
14369
5811
5784
935
1653
711
964
17536
17685
13573
14061
2141
17457
8778
16265
4812
11298
3703
8211
10834
6694
16928
12539
11619
4363
14668
14855
17388
10019
5983
17605
10487
13188
11509
5011
12510
16815
6255
5026
9113
16786
1634
785
17631
7334
438
365
7448
8595
8505
11605
1602
2168
4518
17099
14983
5086
6313
7617
13415
8919
5088
5316
1676
1186
15876
11224
4316
4124
8862
4570
16431
7787
6413
4122
6009
2302
17249
14749
16275
12054
9317
9373
12346
7950
11539
7708
14191
9964
14362
11078
1042
15820
12985
3647
16029
2835
13250
16585
3402
13906
11544
17311
15725
4256
6908
771
14704
16915
1710
3523
3643
17299
7772
15870
4722
13616
16236
7759
6259
7896
10464
9313
10331
15937
16851
1732
1872
10864
8479
2800
6457
7011
3895
4461
15825
1917
3492
9003
17282
12549
9383
12283
1861
12840
3335
11239
5619
17742
16931
4865
12551
15869
5069
8829
8710
3676
206
11181
8096
16988
6520
10638
12348
9153
15746
14263
3877
9238
9822
6554
12386
5270
7324
16751
4957
14233
9010
15307
2629
9745
9481
9724
11718
17781
12845
13800
1766
10420
13653
10311
14882
12958
3296
5372
10000
9323
12489
17642
13885
12271
3784
16250
6290
9417
8458
1093
10137
3545
4723
7381
16104
15194
4801
15101
8268
10678
4076
9872
8265
8551
16516
9369
3101
3361
605
8384
3729
3261
17223
16614
303
6929
13414
2116
5246
7676
7608
3772
4109
3977
8832
13482
6584
17426
1522
12061
15856
17802
2681
113
5539
17687
14307
642
518
6519
3786
14187
4152
2229
17850
13093
7401
12943
13649
10432
5508
9689
17138
10848
7375
15905
15644
13132
4428
11404
17229
5904
2381
17131
14047
13844
14888
5856
4022
2230
9139
4190
12621
8673
439
2198
14177
8491
1228
13796
13474
2128
276
10783
10009
16524
5145
16857
10860
12587
15379
759
1691
3014
15542
6318
174
10113
16025
11641
3326
12411
3571
4784
16722
3615
15112
6667
2517
3224
4709
10528
7582
5401
3156
16135
5560
7591
8735
1791
6974
14115
11083
2413
7530
13072
3956
4147
1270
8102
17091
139
9047
11524
12705
10843
6326
1828
8815
11125
166
17754
11410
11597
2807
145
8391
12648
9309
16554
344
9577
32
12701
17539
17084
3999
6759
16061
7204
17227
472
13738
13855
12564
4536
11029
1361
6558
16879
10314
568
3212
7893
16107
4311
3286
10625
13783
7052
12862
14912
9635
1084
2012
9631
3039
16255
15003
10785
12673
9372
5819
1850
12572
17675
10217
2744
4578
3272
332
11521
9891
8367
8434
5415
15594
4701
6135
5918
4839
7842
4083
17848
415
782
12129
3505
19
9278
17212
6466
10349
13741
16277
10389
12501
12910
10443
5832
15339
11260
13483
2901
2248
14448
4985
2636
1400
12154
13591
8030
7267
931
11424
9688
3850
9042
3109
2720
12679
1380
6427
4632
6301
8846
7796
7677
1907
8847
1723
15933
10011
13703
14965
2786
12378
14951
16028
17266
6943
5162
13478
15628
1143
11475
1116
187
12460
7299
9342
17001
16775
8318
819
10452
17142
8827
11649
10255
13631
11570
13899
13787
12917
4760
11188
7135
15415
5745
16422
10865
12249
15929
8127
10892
16140
16846
8620
11372
450
1924
12998
14709
1783
6565
1751
16718
68
3263
8321
9079
13393
873
1513
3805
442
7322
12887
14790
17207
1366
4230
14278
11899
3127
14991
2476
15406
15228
2785
14059
12874
15282
2550
421
11334
2771
13793
3271
6387
14228
369
17022
5628
8032
15321
4623
13137
9638
14841
11199
6596
15942
1252
10456
7320
4523
13001
3629
11496
3561
8244
1524
8688
1167
539
13597
1117
10259
11648
10287
17153
2939
938
199
1738
1636
11908
15992
10904
2924
17915
16204
2822
4936
12643
5394
7777
16401
4380
7908
5056
15114
1026
16996
15226
11598
17512
15597
90
12156
4791
5395
6985
16914
14685
6963
16668
5200
11230
13503
17065
11904
15843
4399
15572
11580
6709
8694
1157
10894
5987
14604
4532
9244
14160
15230
15515
5513
12548
10042
9384
1970
11674
3890
4274
11472
635
16196
14057
14443
906
10002
13675
3870
17567
11206
15815
12145
7194
17034
9054
2481
1091
2290
10064
10761
16599
1919
15298
839
16211
2178
8942
13113
3060
5845
11673
8603
542
12561
9134
16189
3021
7091
9340
11782
698
4976
7157
4606
11107
4808
8022
3747
12108
6205
4271
14262
11095
12388
10251
12903
2161
3050
15821
7987
11924
3040
17823
9266
6770
3808
5788
2005
17247
16935
4377
8063
172
10774
5245
16274
10737
6071
6656
12073
11754
17158
7925
1319
17801
638
1238
10184
13901
8023
14438
11639
12850
3690
7360
3607
5826
7396
15676
2657
14261
6203
2545
6587
6940
2936
16675
580
3306
1090
12507
941
15731
17288
8938
3573
17735
13979
3077
17620
6989
5705
4229
4091
17669
16441
17396
13381
6061
11262
6899
6278
16982
2886
10285
13114
61
2132
4530
3434
11714
6399
3243
5908
14595
12532
1654
11066
14463
5901
14264
6068
11914
7528
11005
4711
6485
3108
11016
6132
1430
786
9918
1583
14848
9334
5952
13365
13059
12933
5542
4082
730
16750
17534
16728
3593
9633
1070
3253
13010
11633
16738
4422
6541
8546
2979
3184
8558
12420
13767
2241
12407
7618
2432
4253
16983
744
16281
9680
13546
7674
14035
10317
8324
12202
11855
10004
2187
14038
3345
15744
2532
15141
4324
9327
11946
17923
404
4373
7332
15265
2548
10158
4522
55
5002
15835
15904
7493
4922
5460
15921
4663
11713
7040
16841
5378
12622
12842
5137
4463
3054
16194
17221
11344
4223
15078
13536
11586
671
1995
14201
10295
17020
10478
14135
4301
11028
4167
7429
13119
6194
11816
15118
16208
9145
16865
1340
17702
4467
15295
6807
6550
16212
13392
5547
10769
12982
3569
5686
12951
9217
9171
6805
12186
6349
12188
608
11841
14523
1227
12130
10164
376
3036
186
2361
4187
12078
11249
12946
7819
5277
13849
13997
4679
12034
13516
12065
6001
10685
14958
4257
16534
1674
16545
14678
11625
13158
17505
12415
12405
12909
7643
10334
7602
1009
1606
9913
2582
14210
9528
17544
195
4614
6564
6126
7766
2891
6478
11830
5700
3711
10754
16125
709
4803
6121
4929
10023
700
10852
14481
1039
10740
15503
17772
2015
16529
4596
11099
9034
2689
895
5947
63
2571
8256
13551
17464
10153
15756
17691
14780
6642
1787
3748
11891
16552
12137
991
9717
16209
779
6157
2133
8300
6130
8774
14905
10364
9022
9974
15248
5936
15614
1589
2410
7733
15391
530
2212
559
11205
12334
14708
10476
17309
17502
11983
17226
5049
2397
17679
16822
4404
14032
17235
8681
14417
30
8838
12349
16186
794
6124
10178
14632
898
9711
6572
4485
9243
15023
9117
8532
4392
10198
16608
309
1205
12066
1603
15530
6901
3862
17670
14266
9841
9536
855
8527
17710
2940
3618
17680
8431
11903
549
7529
12519
2738
14156
17439
4133
10266
4033
5687
2903
7500
13862
4446
1283
610
14934
15410
17649
12350
264
2905
16083
16602
11507
7683
383
9339
14203
13033
17523
177
4527
6422
9949
443
2317
6579
2839
1146
7221
14106
5570
3377
13973
15955
11868
3485
2665
11387
5103
5403
17238
7447
12640
14975
17612
17528
17357
15568
3610
15733
5404
1910
1834
12118
14078
4382
12354
6797
2150
4034
5740
16961
2435
13122
8283
10110
805
1388
5271
1399
11502
13502
3446
5852
5156
4556
16592
4209
12147
6874
5981
9242
17466
4997
9471
4529
536
14854
9488
261
10355
1593
17481
8429
7609
3400
5703
12780
2345
8285
1140
5410
17576
15096
8180
4802
4293
4598
4517
5545
8540
2383
3009
6537
2938
429
7010
11218
10930
7990
15666
14455
10585
1426
5202
932
5994
9893
15015
8653
13751
6638
12360
8721
11054
10394
10821
6796
2180
14479
2102
17036
5698
7626
3598
11351
15791
1145
9347
12827
10977
5166
16498
2597
333
5522
5305
15073
9588
15173
5847
7005
9799
4814
557
3001
3408
3000
3284
6522
10293
2626
1945
14044
12908
6207
15851
9653
7572
6248
7400
5880
7284
13727
3972
8944
15227
17173
3003
15352
136
14978
1266
8528
6347
9026
12451
7380
2456
269
2082
10260
242
4358
13189
16348
14980
8941
11991
17863
10810
17562
9980
1546
17088
14320
14594
3465
393
8887
6402
1816
4449
598
4842
17472
12016
8849
11848
10262
6698
15048
5922
9830
3609
11004
16398
9871
1761
5409
6684
13477
6479
14775
17168
13460
5123
9504
15306
11647
11984
9569
9239
6902
6325
16257
2772
647
10759
1608
8144
8457
16023
1932
16847
9598
663
16003
9185
7076
5989
4170
12028
1963
10213
526
9138
17677
7799
2565
5718
10218
14522
151
4115
239
13317
7168
12931
15967
16789
5058
12773
15862
13711
10224
12724
120
15812
8875
16485
4696
7840
4995
14503
3864
3975
9714
4394
7069
664
17704
5029
7031
16584
13437
16171
9943
6315
12432
11676
16653
11038
12437
11526
2705
8130
10747
12553
4146
3452
1118
4072
7984
3148
12706
13876
1362
149
13086
8899
506
4585
8683
7666
10400
15652
14659
9094
15440
4412
16162
16235
8192
9896
5765
15562
11925
13056
1164
228
1706
3353
4675
379
2975
10975
4793
4029
8722
13986
7735
12690
11413
7125
434
6102
8250
3110
469
4991
10323
15694
7174
12277
6700
14045
3052
16629
3927
6776
17749
14355
13128
10393
13790
8082
4610
1048
8217
17069
7330
1007
5934
11578
17545
12993
5289
3053
8208
9679
2853
829
6814
1460
6319
3898
12480
14002
13256
4093
2708
10143
9956
7298
9518
153
11425
6011
15566
10624
9319
15681
12369
2556
1271
4284
6034
3858
2534
10789
10885
7684
2373
7645
4933
2027
2952
8952
17634
12616
13174
9703
10074
4638
193
8524
1690
1312
162
10354
9023
2100
7426
3503
12852
822
2412
15034
5285
6115
11553
2620
3695
4434
15737
10091
5939
16434
6342
16172
2811
9806
5139
2106
1111
10063
14302
1851
10093
10941
14386
16240
2486
9805
13029
14696
5143
1015
13102
5311
4834
236
6395
7880
17117
16065
12429
3118
15738
3395
4478
8755
8330
8577
5946
14842
3961
11875
9857
956
11357
8708
753
6907
4410
616
11001
7644
4998
6293
10024
6054
5228
5599
7783
7881
2124
17572
17660
11768
3291
16885
7583
9370
1057
6999
8141
1297
10817
505
9644
558
2871
6568
3746
12239
10980
5172
15146
5900
14276
11477
1274
8987
10862
9584
10962
817
2761
11653
12072
2846
12649
10458
920
14903
3444
13949
8058
51
4064
5938
6471
10561
17365
16721
5482
6237
12287
10283
9277
1870
15750
16644
17849
6144
360
2981
16546
4037
13429
12300
17074
4903
14206
6676
16449
5356
5724
15516
11704
2131
10955
5827
16344
11483
16053
10641
13935
14718
3305
75
1425
6783
8985
4713
15036
3799
6338
15559
5564
9609
10279
3840
17296
12122
16351
7927
680
5579
8126
11532
9008
9983
12869
2652
2154
7132
16437
57
4809
10298
3579
445
5241
15615
2352
17624
16322
11909
10030
10114
13656
2475
12683
3115
16679
17825
13324
17812
2201
4420
10720
15514
2717
12824
16497
2247
2698
5315
13512
17787
15050
6716
15697
2315
9257
15090
6689
15544
16745
1365
13567
11881
9109
863
12174
12027
14412
1820
17156
4858
12821
4131
15982
10321
8679
8427
4057
15517
4242
6800
804
6599
14870
6328
285
2633
5399
548
7719
16596
16912
11370
17546
8050
14949
3967
8886
15193
1837
9521
347
2391
13103
3320
492
8724
1847
6258
9603
17451
16736
16991
12316
2669
9642
17228
2614
9894
6742
9033
3941
7458
11402
7291
13740
16074
11923
6803
827
16147
724
15007
2144
11
10358
9112
9064
9290
15719
2544
9165
5136
13154
11277
11567
12688
14260
16530
2801
10693
4969
7553
4173
2020
7873
17436
784
3656
126
3356
9050
3735
9885
2615
2038
4778
16687
9625
8764
8407
4958
105
8986
4322
16507
5816
9519
6151
13364
16450
14695
1726
2024
6225
8441
5561
1940
566
6651
8373
8564
10966
8048
4868
16502
7846
16283
10126
12258
13837
7420
5085
3439
3595
10832
13399
593
4332
8783
13157
5008
17549
3229
13123
9298
310
9210
10655
4873
1420
12187
9774
8486
8650
15489
4674
10135
6982
15561
12356
3313
15168
16251
10803
1590
13652
1081
15392
118
9398
14494
11626
6314
1797
16185
4479
17790
17716
10588
8880
13470
16676
17672
11870
14588
3666
15423
16230
7792
5261
14625
7227
16997
1107
103
14720
17498
12288
13550
10163
2831
8153
17185
10529
5723
10849
8151
11618
12890
2417
7681
5330
1395
2033
6976
10566
5191
9031
7326
12571
8243
8379
2964
5407
12096
17095
11193
10133
5365
14234
7976
7598
3179
2709
915
8097
9382
7242
17507
2237
7569
5182
1222
13525
2318
4058
17175
10409
4499
11513
1000
14018
13709
9464
1582
2387
1323
5997
11998
7854
10058
16589
8842
14520
16411
6634
3707
12895
1089
10402
6452
1067
3481
3435
13418
3489
5041
2076
10780
7889
13517
14480
5976
17321
12050
12430
2231
2879
9746
600
3559
12788
6044
2999
14181
16463
13046
6876
17126
13285
6588
13714
5753
7760
1758
9233
11874
17621
7776
2861
14783
6919
14566
6446
7993
3709
2299
16290
9428
2356
6443
9459
6018
8716
15349
1119
7652
9659
697
3259
1641
8790
16943
691
11421
17011
7755
7325
16167
13473
10600
357
308
9771
15256
6837
1843
8236
3779
5500
13234
4371
1918
4967
2775
848
773
6224
16713
2898
17608
5443
899
14484
2152
355
3987
8005
17330
15138
13021
3945
7245
5580
6502
4177
3096
2234
9011
2130
2312
10115
17804
12102
12634
1782
2155
13431
11051
1104
12782
846
4018
1077
9175
12853
10532
7611
10325
1455
7335
2688
16959
11085
11187
10090
3375
12897
8771
8807
13635
7246
1545
11519
14375
6140
401
1744
11563
650
15008
14317
6858
1305
8836
12496
10731
7480
13576
15860
12612
3185
12930
6906
17425
1428
14388
15549
7637
5421
11832
11920
15573
11595
1383
9895
13411
8758
11286
2031
8026
176
13846
4724
5124
2471
2508
16306
11770
15814
10617
10923
7172
5314
15355
12168
4577
3637
7542
1534
14877
15046
6855
8012
8195
12022
8644
6610
577
46
11905
351
10531
4864
10144
11906
12107
1287
10275
11400
13905
14024
4833
1490
6975
7820
4014
14197
15620
4079
15649
15991
500
12399
16273
16097
15160
7282
5790
8615
17111
8736
15426
2233
12131
8645
11709
9772
9778
16337
670
5147
4845
70
9539
1637
8908
11716
1191
1539
15550
14153
13031
9387
15535
12373
3168
2594
12654
5413
913
1172
5450
2261
8715
16594
11632
11305
6294
14742
12618
2386
803
6618
14033
7879
12336
3681
7000
15004
4910
17414
7533
14085
16141
17662
16840
6951
12815
15195
17254
13600
5146
13856
1576
16876
8078
6026
3234
6761
3782
17671
8937
13035
16279
15358
13039
9180
10881
3806
14584
15247
6021
1936
8165
7071
3605
5670
14049
6394
5467
2987
9087
1200
13771
16207
9611
17449
7097
5014
2728
449
14225
3969
1033
6384
6515
16261
15778
7517
6804
9231
6748
14715
16081
4305
3153
3297
10514
16359
12921
14850
2733
10075
17500
7252
6141
17584
15600
12535
16791
10873
1975
14202
16034
7874
10800
11759
692
2659
13961
7599
3926
2672
12244
15025
882
16597
5209
9390
8376
1114
14050
16330
12722
9285
13646
8035
16458
12987
6750
6724
8671
10764
5954
12961
9035
2585
17598
1078
12128
2784
1809
5189
13825
13358
17454
15968
17093
13120
14309
15987
11839
15483
1492
2838
10993
10700
962
1275
7134
17709
13220
11644
9695
15166
16836
9962
5636
7258
6072
1246
11333
394
7059
7257
12038
1131
4299
13308
11363
2286
13080
3358
1934
14293
14161
15249
1509
10095
8910
4234
12614
337
9084
7779
15765
11391
16043
5862
10436
9492
519
16109
3630
6557
9994
10046
7551
6677
1866
17459
9160
4820
9318
3646
9833
4188
9496
14847
11023
9708
14859
7475
11177
12963
16394
15763
17050
2385
9655
8606
3151
17468
16129
14029
4103
13998
15645
1020
6272
14802
16443
16954
13978
16153
570
2930
16900
7891
12208
8628
16648
9065
11776
14218
11590
2045
4705
15677
5759
13851
7047
5694
12387
8201
7315
17364
13198
12011
4974
6441
10211
6465
15789
13323
11469
17731
9268
6287
3777
7604
5913
13601
17501
17638
462
1437
14303
13228
13874
10901
707
14371
10958
8445
5397
10728
14036
14898
16175
8660
4418
12812
9404
17346
4181
104
9251
3283
14231
2221
14997
13371
4291
17045
8669
949
14070
11068
3914
3530
9723
9240
5034
464
6081
8396
12969
865
10212
17542
7797
14906
11893
15420
6027
5408
2849
11281
10778
2139
17452
15479
16624
8355
10577
2491
10501
14807
491
3548
4781
11478
1044
1163
3904
10069
4691
14350
5928
11766
2442
5804
4725
15024
6507
16080
10968
8869
9922
7182
466
3603
16158
5205
965
17810
7043
13168
9002
13049
13763
17094
9491
12372
4384
12335
9445
11622
10380
2611
9507
14060
963
1144
13923
7804
5807
15109
17806
10908
12456
7410
12606
451
9677
1746
5201
5169
2035
4157
12726
10276
1976
5808
17189
13957
11980
6635
17336
7969
8864
5437
5458
4017
15374
7550
8025
7718
6389
3211
11669
17561
11339
15005
13490
5018
10964
16100
2265
12172
12261
4000
7450
7278
1403
4516
16811
2094
152
13011
1345
17106
8251
7034
15715
7670
7033
14809
3338
4235
4113
15072
7247
14020
8464
13669
4630
7802
10221
7743
1807
17337
10297
13507
5490
5631
13391
5187
6300
5707
15237
12747
16036
6159
11696
15866
4189
3206
7313
17101
3128
15398
11439
15661
457
1207
1966
1086
17803
7650
12217
1038
7343
9798
10760
15323
4430
1326
7784
6445
2276
9190
9299
6226
4204
8552
16173
3859
3290
16225
14079
10971
17893
6470
787
495
2479
7818
13452
14911
17778
6148
4572
112
14617
17912
8222
7103
1472
13390
1775
16253
11658
9951
718
8666
17575
13078
17368
2586
8011
16471
9294
2078
2666
5240
1902
12089
14939
15601
639
7051
15618
6819
12868
16047
7958
8905
7154
13909
7568
3448
17739
1574
8731
501
14273
5115
13830
7208
12708
16774
16457
6706
6089
16154
12062
267
11170
11216
521
5065
5691
5769
9405
11127
10639
15893
17766
7347
16456
17556
16376
11805
5236
8273
7603
8358
14792
12295
4217
10736
12752
527
16374
10510
1994
2196
11815
14289
567
15056
16300
14593
10525
12808
11002
479
15236
2216
746
8873
15729
16102
15292
2250
16779
8425
412
547
12796
7009
5556
7372
12150
11116
14560
10497
14055
2616
10483
885
3068
17316
13131
87
7948
10858
15505
12914
12972
15920
2989
2967
254
4768
3041
2543
9722
5851
9293
17035
2464
12718
11520
7680
9164
2252
10830
15533
15984
4863
1514
607
10319
17005
11390
14011
16917
15452
17435
4265
5383
13768
9550
7178
4661
1127
15401
1394
8814
6035
4712
11484
16967
9403
2072
11163
5024
4250
1687
6996
9067
660
6136
11137
10405
11640
6726
4583
13575
14999
6981
10386
17489
8757
7654
8566
6854
15184
6569
10724
5802
12893
984
1849
15598
17257
11723
7331
14003
537
12576
11943
7446
9049
4059
15094
11207
11158
5127
11151
6410
7814
499
6518
7167
9675
15587
5072
16033
16695
9807
2569
1069
16976
14279
5708
4622
8143
8226
7008
5094
11755
3046
1291
12681
10552
1614
9727
13278
9785
9057
4819
10815
7841
7128
15222
12988
12110
2973
11691
7941
11701
14164
5629
7876
6747
4989
6653
5078
7014
10565
11310
11105
14346
9540
8044
11910
2251
5332
9574
847
4046
2496
2527
10557
10475
14586
1555
3560
16226
10535
15822
11228
9939
15529
10116
11861
8083
15784
17869
14941
15084
7585
9946
10196
8475
754
8264
13240
13230
8917
15944
498
2524
16244
4540
2235
13816
7698
5472
1325
448
16383
7746
5323
17250
644
7620
16729
7498
10560
1933
11093
4637
17255
14781
1946
1739
11890
6437
3048
13538
16800
8674
16557
16887
11715
9543
11422
15063
9707
11827
9018
3546
10603
5382
11800
7557
4099
436
10684
17758
10203
15107
1182
15478
13331
7490
17192
3769
14198
15300
4026
17622
5942
6321
16248
15602
16094
5711
10366
6980
816
16006
2039
13217
9452
100
13000
6459
9100
17287
13167
3483
4794
13524
3343
11019
16395
10372
5562
8801
15497
8077
9855
13050
2343
13476
14252
5810
6477
13629
11659
13893
4657
16071
10768
15670
5138
7023
15558
5736
15911
16314
12777
7127
8437
14333
7624
8616
8240
3852
15205
10481
3736
6070
15633
13994
2519
4704
5748
7449
14150
2904
1693
4968
9663
8
7951
14599
7667
13099
14294
14671
4680
13707
9557
5398
16070
9307
14012
5533
857
13977
3026
8956
16621
10290
12355
12298
1088
9168
14799
16992
5681
17474
8304
10502
10273
15539
14966
2840
6273
2812
11380
6369
5920
2759
16671
2834
10175
10292
7627
306
11968
3480
3190
17338
982
13841
2926
7817
8542
4571
643
8792
12569
10664
11557
5746
14524
4421
13140
4504
13904
15578
14837
15865
5150
15144
10978
7831
7911
3994
1699
17733
16563
2313
2240
6692
1577
1225
10581
15605
15610
11820
3360
17122
16364
2390
14190
15962
10599
17786
6118
2675
5926
2934
10918
16150
16616
13651
10546
9172
159
11886
5074
7900
3440
1533
4862
15235
12866
133
13827
7715
11506
2355
13586
5897
844
13497
6134
13811
659
3522
10503
5658
348
13954
8347
17116
9925
5494
8982
7348
6213
13313
9465
13789
10128
9235
16640
6371
23
13461
4594
5984
7459
13693
7556
4162
6671
13204
11089
2344
5577
17625
14530
14636
1716
10029
11411
10442
7692
14621
592
5053
12153
13389
5593
4104
11964
12925
6730
5097
1499
1844
8053
2258
16066
10576
16558
16195
5729
6222
1571
8587
6517
4337
8451
2504
15700
4065
16923
1785
4931
1049
15803
2018
7275
17120
13734
15088
386
4092
14402
16804
6426
77
15880
16686
4084
1176
11442
4172
733
14581
16157
17362
3538
12194
10938
4884
8760
9760
17163
2732
2618
10445
1772
13275
8297
5381
6932
16254
15066
10194
6235
6930
8375
13231
14919
17917
11139
10954
6890
6488
15181
11453
4108
12152
9683
11203
9270
12691
16658
1109
14249
9493
329
14583
7701
4993
13032
3916
8541
12702
315
14953
8341
1392
4407
5157
4948
604
4425
11379
16078
2452
9189
7476
3310
16417
2863
953
5087
16435
17765
17385
1256
14544
7960
2887
2320
15897
12755
13061
2948
13297
755
10397
5672
926
12085
14591
1218
9432
4158
12397
807
9620
7711
14657
14398
17557
12433
14109
8335
14306
288
6960
933
13504
10601
8559
15047
3132
2935
2376
13047
15831
646
12740
4971
10798
16979
12256
5548
3032
8768
10312
1169
9090
14226
5605
5528
6574
11008
17614
531
21
5487
476
3114
4163
6506
2628
726
10898
1862
10917
16427
9414
12201
8682
9535
10513
6593
12832
1695
7188
6055
14518
15361
407
17025
16237
8569
7160
7632
9862
14973
13117
16085
17397
5607
4999
1341
1988
5009
13647
15500
12113
11661
11092
2805
2174
17838
1686
4926
14952
11403
563
742
4508
5692
263
9712
4183
11490
9479
4683
11549
13713
6106
14637
16214
15126
3620
16231
6746
10152
3202
8533
13260
12847
1663
14740
395
4498
15322
14241
16921
3267
15129
2244
4261
16276
14469
11060
16328
16258
1349
1329
9902
17553
9597
13515
11959
6616
8262
6516
9747
7827
7159
13270
11155
10791
4759
11773
8554
4238
8248
3518
1942
9503
8555
14285
11251
13799
13475
3888
17445
8950
9274
5693
3265
4178
6247
17920
2270
12045
16623
4166
11645
8964
5331
7795
4135
8918
11414
7744
7967
12855
17743
10281
10161
15250
14134
14533
7571
7579
7615
673
16754
6299
7066
9458
374
7590
10883
6191
5594
14424
15245
12573
17659
8835
7118
11074
16995
13038
226
5830
12502
5744
835
16526
6766
1464
3075
13385
11813
14086
9312
5792
9241
3812
14936
7828
15531
4094
6455
15581
4051
11449
15781
14239
42
5626
947
3511
5557
11545
995
16160
666
3702
16950
15191
11036
535
2507
9812
13865
13401
16781
17141
6781
8751
16628
6870
16384
880
8935
10360
8468
13344
14069
6605
9143
34
11547
2816
241
10659
15788
14675
15388
6067
12412
13378
1812
2531
1342
1770
5426
16588
14175
16316
5731
6881
14626
11007
16889
1605
8167
16542
17382
6744
17018
15512
6785
10770
16087
1668
10490
12723
684
3986
3175
6256
15640
2118
4150
16966
4902
7524
2683
1521
7312
345
15752
6252
3450
11629
15021
12237
243
7785
17879
3867
11656
15684
311
4149
16391
14602
17177
14066
2470
4644
11572
17681
5960
3724
2736
12161
15111
10426
12636
3697
2874
16413
17056
15075
9580
10417
10575
8286
4877
1040
3493
4742
1658
11072
9039
4870
7686
4282
9834
13966
6200
6758
13988
541
15723
4489
12833
179
13085
3781
572
6977
14562
13948
7526
11382
15798
9619
2101
12457
14721
3198
10802
1957
9111
12048
15685
405
2996
16494
11450
12452
9088
14770
16581
17555
2169
617
14757
2539
8234
10571
15417
14728
703
2358
16958
1814
14959
13438
4317
1743
9801
10526
6015
15104
9981
6604
3146
944
9115
12418
3815
15033
2679
1247
1100
15627
6869
5300
17251
11802
4832
13776
15538
16739
10813
10765
17463
8194
6335
7577
14631
3067
16496
3080
8626
6578
11774
11950
13197
15165
2321
8594
14927
5195
7116
13519
13206
14404
16453
6992
17703
1267
1132
17082
13301
5559
8984
14883
9681
6733
359
6179
13540
5441
15113
17747
3334
9592
15431
11846
155
14419
16849
9628
16834
8436
10489
11807
529
3191
695
5213
11222
9996
1018
5532
8168
13953
14275
16835
15689
3474
13829
16591
1465
2678
183
15650
14937
16202
8350
8822
17483
14074
4227
324
9660
780
12100
10970
1096
9127
2641
799
9627
8903
3355
11552
10202
11330
13322
9126
4419
17264
13908
15214
5871
629
11693
7363
14053
15525
3233
15224
3037
14700
4100
2226
9201
10538
14193
3552
17245
16286
6986
5469
4012
12209
8742
1444
16232
7909
3856
9020
7541
17216
14379
1071
16460
4575
8157
10701
10124
13756
363
3791
14314
6365
17392
305
10154
10705
14705
12259
14111
10185
11996
5646
7430
12409
12020
9950
3688
5949
1562
3841
2977
7821
11350
13569
9173
13611
12825
14926
16001
17209
14468
17123
13699
12426
2700
13779
4067
11765
4545
1105
8193
2500
13769
16940
11264
1330
9938
14095
678
12687
11183
1717
6468
16953
15612
7972
8909
16044
12828
11321
1171
15022
1733
17613
3454
4909
5317
13919
7466
3163
4243
4179
11428
15238
3577
3092
5447
11541
5750
3344
7419
15891
6971
7253
16048
13191
16860
16632
9480
12488
9232
4980
2434
2663
13808
10522
8426
12060
3391
3596
16856
14756
10284
6245
8137
7144
1277
13663
1734
751
14041
503
8159
12081
7056
15642
8972
330
3719
6243
3325
2062
7959
8920
8794
8698
841
14561
8076
13379
5091
15293
13958
13283
8414
12997
15887
16482
902
16216
6678
3497
11665
17420
10934
3372
11033
7690
11697
6701
12196
3854
10176
2526
16518
1830
13092
2349
15220
313
14534
433
17657
11164
16321
5612
8040
1544
5783
11412
16697
8496
10037
9640
4829
131
6923
7482
17328
888
7868
3471
11012
4646
13005
15142
10691
5309
3121
17811
13130
17166
11473
12379
16801
4323
9511
14689
6281
13831
15382
10972
16937
15805
12700
17277
17146
15960
5453
8176
15548
16278
1481
4156
13134
17821
10812
13857
15212
14146
1703
17053
4406
14858
12741
14401
11056
2503
16007
14297
10408
11678
15430
3606
2207
7931
13822
11079
15592
14784
2037
10551
1728
218
16843
5585
3429
13520
11614
1511
6942
15461
2579
5591
14395
1977
17262
3144
8086
2695
15657
8611
11346
12281
8098
15693
12340
7697
16477
7538
5596
6767
6693
10235
675
15409
8925
14920
10082