10083
7593
7885
2004
7079
7003
8459
7249
9470
10310
4874
7912
5046
3963
10682
10034
7108
11443
2537
8057
10686
4947
9770
8123
9181
3891
2480
12193
7748
713
6165
5329
10431
10949
6337
5174
8485
1890
9781
10008
10637
1318
4962
7337
12007
111
2819
4375
11915
8411
4262
6702
11812
9869
11862
6505
6246
2126
7464
8092
4364
1630
12032
7691
11311
9990
7745
1857
9928
3354
9077
10134
10437
4089
6983
5587
1879
11180
7184
9864
300
599
6218
7705
7720
4692
64
9495
1315
9287
8308
9545
2897
437
9272
3262
1004
8992
3905
974
1368
1517
9875
7256
6645
5906
750
10403
793
2275
5036
2844
8101
8230
5710
7929
459
4292
1657
8018
6910
525
1832
12098
93
4871
5645
10808
473
10708
1891
3074
3778
6946
11367
11175
11806
1960
4660
6772
2501
9825
8605
8312
10779
7833
6707
777
3357
7185
7689
7905
7271
9534
11916
5310
6799
10076
4601
7764
866
5218
7165
7983
5978
9526
8819
1418
5965
4439
2990
8719
6030
2340
2818
5543
9960
11933
8530
970
6352
7228
6542
9016
4062
5828
3214
8979
1618
1139
2677
585
905
3887
10097
12134
9651
1273
11748
3405
9229
220
11452
4344
2686
15
6751
10457
11565
5465
3793
2224
997
2566
11652
6362
10068
12173
7407
60
8781
8232
10303
594
10835
3813
5193
1370
5112
8008
4810
9228
10204
10081
10508
9646
4885
11169
9887
11726
8253
4090
5531
8089
6108
12250
11358
1889
8133
11420
7523
856
5498
596
8928
9392
2599
6163
7807
9755
10594
3044
10326
11818
9623
6769
3043
10047
11642
3126
1124
7370
6448
10875
7349
4378
9940
4088
3625
4023
10098
5084
4075
5614
7731
10423
9256
11374
7216
3923
4159
5003
10602
11106
4125
6528
36
716
11808
3683
4558
9021
6939
7499
9757
8471
3509
11977
9977
9630
3619
11090
2239
1702
5477
10667
10367
9264
6052
6734
5716
8876
2697
4052
9982
11611
10181
3392
4647
10484
8618
1085
8493
7508
5571
364
9402
6809
5464
9352
2400
422
8052
5801
6973
8973
5016
3158
11744
8916
11406
3897
12140
6350
5118
10982
9038
9971
7336
5485
1568
12195
4620
5886
1532
8890
8117
8820
7661
9932
1573
4615
7259
6715
10907
6244
41
7855
11981
9333
3025
91
5346
6305
2739
2402
8210
378
2202
9662
4119
129
4041
7870
5803
2109
5917
9104
11308
10300
12144
3186
7294
5941
6175
11592
7639
792
11322
167
12006
12242
2333
2647
4616
4879
6193
11150
1741
8934
4212
7601
7162
5787
8276
6721
532
5278
8140
11699
8743
3278
7377
2702
9768
2794
7198
3644
2656
4246
9195
2010
10645
4787
3459
3045
10773
3661
10634
3499
7882
4878
6091
5751
5007
1956
4128
4081
8448
9656
11569
9284
10726
11006
5838
11844
7616
3770
1959
1722
11197
10692
10268
2016
3396
3494
8537
5717
1929
200
2869
494
8013
16
4211
11237
294
6954
6109
8002
2731
10886
6957
4988
10343
1001
5420
10078
8399
9978
6340
1911
1997
10498
810
3565
10156
7774
10263
11548
1053
390
5301
6531
10031
3113
10050
5813
7725
11405
9068
2195
373
8750
652
5590
5140
2541
9494
4799
10953
10838
5979
669
9838
8514
3419
2091
11937
3005
6840
2367
3423
9576
9226
7982
1151
8995
1407
9661
5912
11930
3350
7789
2692
10621
9952
4825
2289
3508
8204
3663
7574
2827
5986
3033
9082
11646
910
8940
6309
31
2334
5032
7761
5630
2919
2701
1627
3122
7944
10427
4618
4658
9958
10559
7199
9128
7938
6228
7932
8255
328
9193
11829
6123
8055
10839
12013
7888
8510
5054
8282
9553
7548
326
7856
10671
3018
3504
2257
283
7461
1159
8009
10318
4886
2523
9044
5374
10650
11523
12030
7300
7193
578
203
11686
5098
9816
11895
8363
284
2384
255
11995
11972
8891
9377
3085
1156
8961
4225
6411
7858
2411
2722
11743
4837
10433
490
1506
10053
12181
7767
3996
2375
3056
12018
8634
5206
4169
5892
11917
1678
1210
10882
107
11174
818
11134
7682
37
588
1781
7709
10362
7936
5734
2578
3323
9848
7346
7998
6251
5045
4686
9890
11046
3155
3798
838
10995
5868
320
8780
6250
5037
9310
3563
6816
775
8943
5836
10946
11481
9161
274
6501
1344
9877
9920
5360
6650
1913
826
3543
9187
9466
7369
3484
9043
1682
5890
2206
8591
5387
8495
5727
2870
3347
4775
2506
6576
8648
336
7445
1161
1059
10853
4741
2625
7418
10607
9966
6463
11531
9166
9106
8105
1563
2093
5874
12192
5106
2992
2337
7394
286
768
7663
1255
2443
11864
3713
5082
1541
9909
1027
7283
9554
3487
8267
180
10294
7082
8135
12179
6168
275
9737
7395
1616
8228
3645
6000
5793
10753
11534
240
12019
8572
7073
1352
4560
6420
8856
7481
849
798
4464
5690
8001
1306
7428
3453
11392
8039
7775
5040
1187
8482
1878
8344
7895
4738
571
10823
11359
5052
2944
4521
8336
4520
2041
7487
5116
4474
8455
7589
1992
6076
4708
10169
6657
3567
7314
9005
4357
4917
114
11695
381
6312
11198
11337
3755
6846
11317
12132
5412
3218
1005
7762
1101
1068
9959
4840
6029
8585
2929
11438
8826
7170
1055
2279
2866
230
5212
6765
4333
1189
4477
5789
9850
4408
10122
293
10271
7055
4669
9699
12235
8392
6891
12157
7717
3251
2433
9133
7016
9098
560
8924
74
8830
8342
9594
6236
5272
10587
4443
1263
5466
6883
10112
9037
10398
6613
1712
9435
2342
5385
10111
8635
5275
11847
2111
7510
4676
2734
9997
10336
6567
11664
4906
106
4882
9828
9856
9292
2075
11368
11810
3979
1519
10652
5689
6988
10732
2448
2650
11662
2810
6787
10182
12015
1883
5621
11945
11936
92
4330
1841
721
1046
4249
102
11314
10419
10375
10157
11220
1523
2670
654
3616
6648
10570
8213
3047
1314
2439
802
2063
677
9538
238
6712
2382
6339
11200
123
5771
8614
9793
4080
10488
7329
674
3379
630
2254
7133
1095
4025
2123
1470
1661
12171
12255
4940
216
10142
10662
7210
1906
12221
9942
1931
5569
3580
3879
790
4700
3899
5297
734
11630
11579
2660
3789
2776
6206
5293
4563
6473
6464
11840
6180
339
969
5030
10738
2107
3787
4343
11101
4130
8316
3280
10870
3131
9388
6580
9076
8676
8654
11312
668
3475
3462
2214
4452
47
4491
5266
12180
4595
12124
11342
11226
7712
6050
6407
4688
4259
262
7721
3876
1651
8720
1024
10428
1858
7558
2042
423
923
12191
10390
10889
150
5444
10369
1595
8613
5489
1819
9999
5955
3120
8504
11604
2398
7633
11432
7181
1715
5340
1754
2799
8223
1203
5669
5276
7087
5597
5290
7129
7141
1343
4302
5353
7229
1097
12238
10814
12229
8492
9601
9736
11021
8029
7022
10669
11859
5584
12014
10013
8155
6941
110
11514
7973
4097
5988
11048
4032
12270
11254
9069
544
1298
10123
10166
6699
1424
1888
7750
3804
170
3376
4887
10216
12227
5749
10948
1760
10043
7700
11073
10663
7830
4576
4244
11889
889
2499
4762
10987
392
8293
4694
4216
11242
8729
11290
10139
10828
1685
10829
5461
8840
9985
1580
1032
6592
10240
8868
1162
8380
9141
11081
2389
8417
11229
11371
5141
7195
10413
2832
11499
10072
4016
52
4915
9300
11285
2049
4180
8320
1037
10119
11172
7093
6590
6788
10357
489
8447
6084
11050
745
11120
2502
4956
4515
689
6282
9192
1401
6074
4355
3246
5541
5606
7850
3231
10981
5283
3694
3103
11898
7979
6897
8338
12274
8797
10799
10945
7484
4731
11788
8075
1154
10374
890
5747
2958
12047
11126
517
8390
5953
3456
3442
6586
9316
1194
8793
4816
2858
8266
4860
9368
4427
2845
9167
424
6844
2077
5022
1272
4366
4368
4973
9763
2003
9433
6938
11796
9853
11130
770
3188
3933
10337
704
10612
5400
7425
321
6324
12003
2828
10874
8112
7978
8206
9867
6439
6928
7090
4482
8759
6945
10278
11024
9791
3528
11728
5515
8481
11355
9691
3019
6195
10670
54
9070
12273
1500
8064
4040
1261
10672
10666
9901
2770
11268
946
10395
7213
8773
10819
632
6967
7640
168
6937
5427
1987
9779
9089
1624
5657
5077
8099
988
8828
6655
10989
4248
9837
5820
5540
6681
4503
10767
1912
801
10651
11873
11927
2363
6896
2007
1421
8016
2277
8776
3117
5222
3031
10511
4695
8592
4362
1212
2777
8646
9808
9530
9482
11926
9156
12093
8914
4815
463
9315
3686
2913
7111
3303
3329
1535
1939
9220
741
9673
2099
4095
3301
3696
6979
481
6223
6095
11792
3591
4978
993
7310
2658
2274
9045
2515
10474
5306
1463
10274
2350
8854
5299
2272
4126
10567
1708
282
11602
2211
4584
10537
3401
1679
221
12125
2564
9359
9086
9858
10713
6714
10527
400
12095
11621
3893
265
8031
5643
4044
3100
11407
4566
10959
10473
2172
6100
6621
7933
2643
8516
11336
4035
6732
3413
2227
4307
1560
10441
10871
7920
141
1241
4628
135
5359
6184
2145
8051
8323
8046
7272
5281
1411
3470
3946
11969
6924
18
3307
6956
6861
8499
11465
10654
5076
3837
7344
6778
8439
5196
8939
6414
7240
8483
579
4945
7190
6253
5351
2890
5352
8115
8500
7518
10746
11985
1856
4765
3809
3295
10757
11110
8965
7409
9789
5134
1322
533
5268
1354
11000
2662
10252
3287
4143
7149
8821
8227
3906
3289
9587
8247
717
11540
6925
11634
9478
7147
7694
2651
1660
4553
2498
7001
1951
5339
3594
397
1113
10630
5435
2997
4403
8400
8900
760
5067
10180
3011
1477
7790
2393
10929
1076
7515
1303
9469
5752
1229
1869
9608
9936
4370
6199
11112
178
6167
3790
5948
11533
2613
10801
9263
6829
11219
6636
7462
258
9632
11593
5779
11851
1664
4749
7373
5843
4673
9546
6871
5259
11711
12
1307
8147
10160
9410
4416
5666
10568
6559
8515
6262
1704
9041
534
9147
99
10842
6045
10816
2085
5061
9025
8788
6789
2909
4697
1644
6801
661
4202
3466
12091
8020
6916
1456
3239
6329
8556
6004
8189
11883
8680
4795
7302
3230
3264
833
2036
10647
1955
9150
6762
8087
12106
9374
9152
1962
4413
2703
4648
10131
8000
11115
11550
3955
4665
11801
7875
3651
8816
6738
3390
10016
6489
1923
4280
5448
2487
4426
3717
5107
10913
2467
725
3479
12143
3682
2953
12024
12082
6082
2346
4703
1503
5349
8132
5841
9748
8512
6755
1863
2661
7489
9706
3463
10831
10151
3716
4587
8896
7379
6582
1725
4635
5198
7673
5267
3910
2362
2472
9591
2557
5119
1707
8993
2711
1673
6962
4959
1597
8188
7358
1949
3915
1313
1433
12088
2505
5721
9720
6187
9227
7595
1811
7454
10376
11732
11053
11683
11040
8173
12231
11494
3575
8190
10988
10549
8263
4836
8349
6806
487
4889
9873
6798
4290
2942
4490
5958
11698
10254
5491
4251
9036
7539
163
4139
7119
2255
10665
2718
2808
1735
6598
7469
11623
1112
7388
2008
82
4453
4943
7942
5457
4653
11037
601
1549
2283
8403
3086
1542
7281
8970
8740
7623
3073
977
6780
5000
7507
928
117
11297
9200
4437
9840
10539
4272
9306
1160
7635
8562
6735
2600
7035
5782
2653
6969
9426
11109
5288
1279
5260
10661
1406
4312
11501
5617
4706
6920
5020
2724
10341
10243
8584
4096
3065
3885
1588
12254
6363
9615
1087
3217
5391
1379
7231
8377
4867
8691
4300
569
1842
7578
7649
10170
4214
9062
3078
4512
4869
7041
11556
1570
8850
9140
4752
2602
11657
5170
2378
6285
2914
9868
3134
1382
611
9486
1467
2606
4848
6053
11052
460
10999
8977
7865
11941
2497
1321
8761
1369
97
201
7770
2243
1487
3964
2769
3204
10752
8261
5995
12035
3833
5814
6683
7871
6185
1749
2687
8357
6892
11654
930
9291
12212
11194
6404
9610
8191
5328
5355
10683
11018
10867
6743
8557
9643
11315
10580
4203
7136
3928
7192
3953
7109
693
3236
6851
10633
5870
7726
7781
10521
5204
10820
3948
11821
11480
1498
5302
7916
7732
7687
1331
8413
8769
2264
12214
8428
9898
5375
4405
2895
2414
5075
5214
1536
5671
5537
10470
7304
1531
7408
10479
7710
7985
11064
3490
9058
2654
7509
12234
5312
6079
232
3510
11828
7065
2457
9567
11497
6438
3274
1332
9376
9198
3889
8497
9007
7852
7112
7018
4547
6161
3998
4549
3974
2271
2529
2080
5121
4830
5518
10636
5650
8047
427
3348
11951
8257
2259
4835
6048
3673
9852
5
8490
1153
10070
3091
5292
4153
5572
7146
1013
2026
3502
2407
2438
9975
1967
672
7472
681
2575
1080
10288
1459
7237
10165
59
10777
12248
823
9443
8374
1748
2423
4729
8647
12042
296
1219
7064
6889
5089
10714
6629
4854
8969
12009
2760
5004
1168
972
831
11740
6879
728
11988
1231
8139
10863
983
10228
8756
4435
8415
7849
1808
5817
486
7206
9810
2946
9904
3800
2469
11817
10880
4589
11505
10195
4901
8460
8656
4196
8519
7261
9028
8874
8062
7794
352
12247
909
6987
1216
6818
1625
3288
6170
7658
371
8907
1244
9934
4213
4417
10118
8307
1196
9796
11834
634
3093
8120
6453
1386
3693
6511
1742
7834
11600
9721
10990
10608
7279
1309
3095
11257
10648
9761
11500
6421
1493
2288
6536
10909
2485
1578
4226
706
1259
2293
5655
6834
6005
2294
1197
7540
11610
11546
2249
8450
7339
3983
8550
2273
1294
739
3342
850
6779
3819
11587
3542
7140
7443
5791
732
3447
6836
11240
1569
4268
8171
89
7382
9101
8270
4013
2073
10491
7800
4927
8172
8766
9381
2876
3924
7953
553
11013
4267
9686
2260
861
4457
5219
1831
9276
9542
2796
3878
10244
800
4269
4060
1285
11900
9684
10233
4264
8872
2590
4796
5616
1609
5113
637
3079
4699
9178
7824
6111
3742
7333
7411
6595
5682
9206
8010
2714
7968
4483
4397
4678
522
7653
2190
4468
3939
3513
8655
6190
417
2268
3549
3327
5777
2642
11637
5534
11043
3845
9344
6602
11045
7734
6639
10045
10407
7996
5419
11136
658
9607
7468
9461
3299
7163
5463
143
12126
11562
8786
370
1954
9815
5446
2691
4488
5256
6041
10679
11364
3817
9449
4919
9081
5552
1601
3215
4992
6014
7153
6482
6711
1894
10944
8782
1572
6556
11785
9692
6600
11564
9441
8198
7861
9120
9066
6176
7250
1123
3584
3407
9072
7187
11267
3451
3718
9419
9927
12135
10782
1771
5012
5770
7225
5967
2253
1993
2081
11607
7491
5855
6835
8108
948
7155
5575
2418
12183
11575
7803
5180
2170
8401
1892
10291
7848
9467
10495
1056
2040
10094
1183
4662
3743
9059
7788
9842
1432
8602
11361
6336
4541
8019
735
194
9658
11373
6129
8629
9937
12119
6827
3667
9485
9437
2428
1496
7512
1779
109
4568
11831
10345
11787
9129
8410
978
9776
5824
2833
7898
4319
312
7270
11238
9385
10003
3863
1505
9947
4645
1082
9537
2941
65
4039
3844
10598
10329
12064
5654
10187
3207
2978
8509
5319
1135
1016
8498
7367
2167
10411
8346
1264
11897
10492
7286
6831
3949
8861
304
11282
6878
10429
5307
246
9599
11789
8024
2011
1299
12222
7752
9829
1778
6417
11878
5758
9230
1
7943
5971
5725
6790
8661
12203
9483
10379
95
11558
3491
4569
6370
10605
6497
11672
1387
8124
10857
11087
11015
356
142
4288
8054
5199
4667
5027
6585
11474
2809
11102
1688
10392
11427
5470
8478
2462
11386
8522
3520
8100
9570
6469
1417
10649
8697
2347
9730
12225
6594
11835
11485
1675
7191
8365
3868
2949
3574
9702
10793
6334
5013
2488
6449
11209
4117
3339
2559
5714
2562
2295
496
9764
3621
6753
1839
967
7226
9303
9993
613
10496
4486
12010
3133
8370
1838
6113
12198
3394
5350
1201
4643
7836
10388
4247
2399
8489
5148
6540
5733
9060
8129
9295
3125
4859
5175
5536
981
2751
6845
9080
7218
10085
10911
2970
11255
2538
4005
2422
2798
9751
8433
9326
6373
8702
10896
4258
9114
6603
9302
3369
10104
662
11512
9881
11256
5255
6346
1235
11976
3195
5510
1681
2153
2797
10632
3674
281
4456
4004
524
6391
10121
10704
6860
4036
990
656
5583
3013
2459
6423
3684
1126
5659
1494
7494
9883
12008
2851
38
1885
5325
6357
5738
5683
1431
8812
12111
3415
9621
2993
6826
12204
314
1903
8901
8619
9259
10504
5478
6649
11246
4127
2536
4050
10207
10077
8700
6433
5859
5439
6768
4777
736
5578
9055
4484
4006
3985
9782
325
10406
9146
11154
10344
9800
1769
2034
8309
12167
4459
6913
11536
10150
10106
3592
4898
504
1250
11809
2765
8069
2780
7201
5586
7438
8070
5048
7083
3849
4651
8800
9527
11129
11487
4624
6360
10316
5661
6177
4983
4899
7656
8538
4066
2774
4260
5318
9637
884
4374
3123
2998
6763
9512
6077
5842
8334
7497
7212
8675
3318
11461
5706
10809
9845
1984
9827
11857
10092
1632
8852
8094
8746
3775
813
11362
8059
5642
5761
10640
7327
2463
7970
1731
217
11287
5850
4625
1507
1316
3959
8796
11430
4206
3917
4200
3166
2327
10416
7832
11354
7992
3653
8109
2980
9395
8703
7030
2592
955
10540
702
1376
2282
9107
3136
8218
10328
10556
4105
10062
5702
2113
8929
7907
9411
1072
4763
11577
5033
334
6197
3662
12021
20
156
6323
10183
9797
1952
8894
4048
10117
10347
8911
6043
9186
278
4038
8034
3636
9174
10710
3486
10960
5468
2567
4224
3004
5411
9431
2210
7872
3476
11135
1390
7251
5149
8831
4352
11949
10854
4792
5622
4391
4470
4875
11097
1074
11938
6492
4813
17
1453
5743
8600
10596
3834
4946
3351
3730
1495
4716
6824
1757
5780
1973
9258
3169
8476
9473
1415
6266
3174
185
9131
12058
9892
6526
3826
6119
3960
4996
8472
3124
6345
11702
11144
2638
3178
1449
2143
5154
1041
5005
5773
9346
7837
985
3430
10256
2232
9386
11907
2928
4719
3745
10837
342
5262
3322
8808
10060
6728
12012
8295
9579
3196
2394
6114
8948
1062
10956
9559
12039
10468
7104
10286
9421
6202
3881
5712
5019
513
11149
10313
8677
7588
6147
3701
12133
9158
10449
1666
4142
12206
9513
7004
1752
11867
3269
6529
2747
5639
12094
2872
2937
1528
402
4237
6390
380
9418
11044
2492
6911
3107
5678
8589
4367
4134
366
6317
5907
8806
7169
1178
3722
11987
1714
3861
12056
6152
10840
8332
2477
11276
9709
5969
83
5798
5229
3061
8317
11470
4466
3872
1561
4914
5129
2603
2918
9743
6500
8288
4440
1792
375
4085
9531
1011
10320
9427
7903
9218
1882
6852
8767
2466
6591
4818
79
7736
2365
7857
8284
2878
11958
8508
11369
1491
10505
11584
9204
10222
3936
1398
10593
9941
871
8224
1629
2458
11511
5940
10775
7017
6953
11084
950
1188
1567
2854
12109
2308
1845
3501
5080
9063
8382
576
1961
11293
8484
475
1008
7753
3814
2994
8689
6462
5865
12005
9052
10322
3277
10533
2060
9911
4804
4908
7439
840
318
7048
2052
4222
8007
10327
1604
8042
4750
8718
11070
11993
8241
4735
10550
1017
3366
4544
2
4049
2138
2608
372
2721
8364
6125
4747
3222
4743
10622
9110
4682
1512
5279
2932
1179
5701
11967
3848
9500
5853
5833
297
2911
7189
3524
8470
10302
2896
3525
10338
8111
2013
5060
454
917
3245
7634
10807
6431
10080
12215
6573
7847
4473
657
5529
10032
295
10315
9773
788
7028
6401
11266
6523
11080
8235
11165
7922
11192
7180
1823
5730
809
5251
11751
2292
6174
5776
10506
1922
4454
10824
4506
8149
1209
3142
2767
2287
6614
4400
7729
2191
10719
8627
8432
2420
3477
649
3706
4294
7391
1718
6112
1422
8402
10014
6429
11794
9477
2306
4471
5495
6169
7479
6782
9593
7892
9564
10615
1265
1147
7224
5364
119
7203
6377
1784
9194
10435
48
11679
11643
3496
3170
8175
1622
3378
7290
5720
10455
35
9144
6654
202
8860
1684
11721
4346
10763
10592
7120
2245
10888
8609
11566
8004
6887
4924
5809
6316
4376
8643
3832
9836
3689
11486
6623
543
3604
6660
12136
1865
8328
8560
4788
2737
8278
5525
11233
5600
7397
6577
2685
3258
10628
7050
7699
6915
11901
5333
3901
4633
10797
4138
2719
3589
2900
6117
12219
581
5269
11551
10339
3145
507
7355
11278
3597
7971
5520
10173
1558
2159
6003
8739
10387
8588
5624
6131
4401
1611
4855
3564
7853
3403
8949
6209
4155
2401
10146
2806
4266
687
8568
9297
3200
2364
2561
7947
7485
6028
9804
11401
7131
4650
6265
960
9071
8837
209
7233
10794
3279
1099
5959
10926
2043
6950
2030
2961
3732
6284
1419
2860
7921
9014
6665
9103
3671
5891
6020
6288
7521
10677
4718
335
10018
6723
7883
11504
7070
1747
4175
10985
4165
8060
1750
11746
3544
2745
6736
12053
9408
12164
8113
2134
8419
8885
9314
2843
2706
1148
8534
2513
1289
3765
2906
9221
6444
6403
8292
9715
12184
6900
6269
10482
11462
11571
6385
4009
9205
3240
6611
1448
9061
2915
7594
3797
287
3319
2280
7671
12031
9353
6672
9409
545
1999
7440
4042
8548
8178
1149
2983
7773
8717
1701
7961
7552
10451
814
7566
5627
5327
7220
2330
7390
12263
7099
9765
1073
6073
6510
11525
10242
5676
6737
3384
11863
8148
6264
1036
2726
9322
3516
5713
2267
12049
9792
4326
9214
1875
1713
2750
4195
6849
6652
5108
4772
9813
7496
1308
2105
9516
5265
5095
10422
4935
5588
4764
5964
3227
3515
11803
8851
5549
11724
5371
9260
4313
11423
791
2067
2803
5322
9682
219
5044
9245
9967
11156
3648
667
3219
2429
3445
4897
10573
2222
3472
6307
7636
11760
8926
9710
2175
12205
9075
9501
752
7741
1404
3119
134
6149
2627
2789
3336
3194
4770
1552
6234
11383
5295
11482
7544
4304
6641
2753
6128
1311
641
10102
1199
6931
9338
10876
11122
7470
384
9919
8152
10079
10086
5866
11455
3135
2933
8713
341
2281
3771
3642
7660
5226
6898
8712
215
4562
4054
11034
961
5081
683
6378
7952
3556
6886
11103
11957
7758
7702
8738
586
11627
8685
2893
5235
3159
6016
2925
1075
9676
3248
10589
8799
7142
11263
6964
5742
7648
7262
11929
4740
3896
7434
1236
2558
2474
5179
7092
96
2742
1471
6306
11057
12165
6361
3223
10931
1825
11853
1466
3526
5521
8395
2984
1867
1991
5951
11067
5573
5475
3460
5304
11252
10238
6435
157
10515
6997
5697
268
5341
1204
1240
6935
3406
4538
8229
9255
1304
10751
10548
7930
11032
4480
9972
994
11055
8145
1527
4817
6674
4654
9839
9502
2589
7437
10903
10681
9073
9775
6154
5635
7935
6343
8912
6183
10465
6289
5915
9555
9523
2535
10051
12033
11591
3669
6548
3417
8787
3836
2339
3838
5651
1947
11517
5393
9380
12121
1853
10197
4231
8163
4986
4526
3541
3416
3978
11077
8305
3209
10582
25
6612
11568
694
6279
5194
2185
5696
7630
11757
4656
10509
5164
9159
3601
1551
6619
2783
2103
12220
1623
9899
3177
6310
6661
2969
343
6032
7311
11667
2766
8422
7123
12245
2865
11385
10027
12218
9687
10342
2988
5496
1268
11845
2336
1827
5595
4320
9596
5006
11437
8883
914
2112
8549
12159
7798
249
1473
5051
7393
6632
4942
4721
9957
11750
1211
2966
5132
5367
3871
3874
4396
7605
10696
8803
5889
12275
2881
11866
2634
1884
4513
2297
10054
8641
3555
8181
3254
10088
1249
6549
1762
7703
6386
3015
1389
8302
3432
10461
9935
7505
5875
2437
8038
3467
9351
5481
6966
7086
3992
9984
9254
4994
3768
5242
11041
10147
1646
6968
4369
10361
1799
6372
7403
3756
6380
3172
3247
10516
11749
10430
189
8463
2814
24
7728
10028
6341
7986
11688
9415
4442
3828
9783
4754
115
9700
11850
26
1547
3461
11349
11360
4176
10041
3847
8526
12084
4339
11173
8386
12230
7352
2894
430
10703
12083
11273
5386
8834
9843
6092
925
7845
1141
3084
4061
4642
10844
4398
4849
5402
1098
11919
4507
3431
8565
11440
5223
7444
2083
11100
9095
6521
9739
4120
3333
11061
11894
3823
8443
5502
11529
11247
3030
6722
3762
3138
11071
10480
1198
6640
8421
8405
2723
3104
1061
6773
5177
2242
11184
5786
3022
4851
7020
8962
3803
7351
9273
769
1409
8775
8955
1638
5909
3087
8884
158
2514
4876
5919
2553
10547
5010
5342
2972
7285
11113
10932
12063
188
12000
4728
11799
10584
6188
10192
1177
11599
7197
11157
2335
7421
9571
12080
8381
11825
2624
5363
2181
6002
9135
7897
5950
85
9176
9252
11162
4509
10536
9078
11947
6080
458
9118
3458
4286
6947
3176
4356
1454
9105
2957
6064
409
9786
7361
2601
9944
1982
916
6104
10579
398
5755
8003
5970
5929
3558
147
7287
11931
2982
8951
7809
6303
6275
6166
10099
2156
11227
5931
10220
6388
862
7084
5079
6705
2304
2727
9108
4609
2522
6952
9907
3599
5368
8056
7124
3141
10937
5337
5390
4053
3600
1184
7414
1628
2188
9261
3721
3966
1650
1983
2484
10249
9209
4634
5839
196
2088
6525
5861
9324
7757
2920
7657
3659
9505
8733
6949
3255
9846
4951
7296
8997
2450
8539
5812
6669
8810
10232
8637
7457
2696
5916
10377
2197
8672
2404
4281
5834
2646
7232
7822
317
7417
6687
998
2089
11836
8454
1581
4031
11208
8520
1554
5128
761
3055
5935
5821
7029
10140
7255
556
7241
49
1253
7354
8971
3164
6320
11431
8521
2888
6219
6607
9698
8290
9455
5092
3749
1564
2380
10193
9650
5506
3733
2092
3028
2756
937
2604
3216
1484
7328
4193
1043
10635
2069
1397
9759
2889
478
10569
627
5640
4186
5550
10742
2047
2528
1029
8345
8114
10167
9262
6524
8690
465
7431
11493
10467
2121
1510
4492
1137
9802
10448
11009
4438
651
3455
8037
2631
4112
2238
11763
11258
6791
7406
11804
456
7740
1486
5015
3550
3321
806
10748
3317
10155
9701
8990
5286
5699
6666
2137
6298
121
2712
11720
10365
3193
10574
12114
6880
9690
2090
8327
10073
11176
10471
10922
3058
10017
6583
10299
685
8536
1896
9029
5592
8416
4626
8545
7655
9600
229
8352
4329
5083
4776
11822
1893
4730
8296
5459
7580
10591
3282
8028
73
12176
6322
5806
4372
11932
11398
6995
5158
3160
1190
8728
7273
7902
1692
8199
3714
225
874
10035
5634
2945
715
9604
10642
875
2310
2674
10656
6830
10734
3710
1880
3389
12268
8073
3337
1730
2516
7535
11559
6679
8185
5911
6031
6817
7793
8412
5857
7244
8737
2311
2351
11729
10733
6774
9250
12160
11585
389
8245
12087
4602
8989
1485
2781
1689
2319
9040
3865
3072
5432
2323
6215
4101
6608
2824
10412
7122
3076
8957
4045
9602
552
5185
922
6156
9866
5159
7376
7175
10643
5877
1251
11366
2087
9989
78
248
1108
5674
11722
8581
10340
852
10229
886
2716
6865
10209
9296
4539
2680
10499
3613
9391
2649
4263
7177
8177
6959
2183
2209
8863
11638
5473
8438
1873
3739
3940
9818
8446
4720
9332
10404
9831
10644
6366
9533
6918
797
1700
7392
2408
6418
834
11035
11232
10543
11429
2278
67
12139
10052
12269
4798
12023
3903
5603
5848
2976
5287
4140
10590
4221
2804
1338
12158
4888
2623
2151
1886
3527
6409
9657
747
5598
10005
9897
1721
837
1372
3952
50
3324
3612
6955
5664
8904
7374
1254
6615
2837
11468
8622
6012
7704
190
1083
403
8825
11786
1950
2148
5781
1672
6416
8501
1729
10741
9624
8369
8074
10718
722
6752
2856
10450
453
3027
1106
11742
6775
4168
8999
1152
973
11396
4841
8049
5968
8959
4746
10089
7303
2587
4423
6267
8503
1612
11761
10957
8162
12251
3437
4074
1280
11221
954
11178
6351
5991
6560
2050
6155
2017
4102
7669
11313
12253
101
11609
7581
1438
3331
9321
5001
1339
4424
976
9731
7150
3088
6036
4137
5882
3362
6936
5208
3776
9389
2607
3970
10472
10562
929
2454
3692
1840
9280
1502
1243
7904
5902
7456
3409
7357
6295
4116
10162
8348
8203
1155
10698
11265
197
9575
631
368
10609
6249
10208
6894
9177
3929
4573
4077
5431
2065
2266
2921
1938
4684
2415
1594
9685
7554
12041
5558
5284
7926
11124
764
432
10879
11613
5388
564
10296
11675
8150
9490
2419
6419
3010
10845
9015
5062
4465
5903
9053
6277
7063
9820
10715
10434
3425
6368
1815
3105
7002
4710
2482
11294
2583
5735
11731
8128
7940
11978
4824
12090
5505
12104
7826
868
7934
198
11451
3023
413
655
2468
11495
9468
7205
11300
9328
8922
9354
5155
9605
6196
2782
3189
5899
11408
1350
8511
11712
9151
12086
5131
10900
1985
406
4689
6311
431
5688
1014
9475
509
9004
3208
10057
7145
3098
9393
6133
10676
8543
4773
6994
10899
485
10059
945
7919
9436
7631
8068
6532
7955
3855
10225
6062
8366
5207
10237
869
2826
966
1217
9498
2449
5680
10992
6007
1286
6186
4918
210
8385
7771
11849
2371
9552
10308
497
2518
8954
4056
272
8893
5895
8580
1958
2943
9162
1180
9762
2070
11031
12075
11471
10007
1333
6242
11433
3827
9399
8466
7863
2842
2096
4335
10507
3759
8974
9756
9882
4574
9817
3677
388
8080
7080
12236
11858
6227
12149
8877
4744
5220
9448
7723
1328
1295
10518
7416
2427
8116
12228
7095
11236
3583
130
3875
10756
4652
10304
3270
4386
731
9965
11348
4932
757
5237
3302
12115
5869
8136
4872
1538
7946
858
11833
9462
7435
8784
5234
3531
1335
10868
4070
2509
1221
5840
11201
11671
10792
4383
2521
1765
7166
10227
9823
3795
8686
7037
11211
10943
9454
9666
4617
11869
2591
137
4310
2284
1868
3922
4533
5249
6467
6103
4514
5896
5546
192
9744
5511
7012
8898
4481
4890
1928
5231
250
11039
9267
6160
4210
8631
3187
11327
4445
7769
3634
7345
8777
766
8859
5423
9648
11042
9719
11606
1803
5120
5462
6504
2184
4289
2097
10257
4546
891
4641
3581
3111
4925
11882
8093
6833
583
12169
1393
7763
11140
6297
1206
6990
3237
2758
6882
2122
11341
10044
6543
6101
5925
2725
987
9865
1363
2748
7560
4966
2707
3962
11793
10781
6553
12123
1224
5186
10906
10234
2684
9888
9337
4911
1174
4937
62
3675
213
80
508
1446
10861
8310
2388
10174
3839
11167
9379
9191
7664
11974
8947
8043
6815
11588
4431
3064
4381
9854
9341
3883
4950
4024
11320
2873
12241
11270
8772
10215
6173
5992
2079
8200
7511
3029
6331
9572
7138
164
5232
4220
4580
767
3831
11543
3433
3385
4087
2395
7974
5567
2640
1480
3220
9652
2959
9987
6189
11323
9678
1920
2406
4786
10695
5326
6059
10595
4666
11011
7452
8598
3364
9183
4233
11939
5379
9123
1607
1720
8359
9223
7415
5038
2542
11328
3627
10725
3882
11283
5825
699
3635
10191
3173
7651
8958
4846
10261
7359
299
11244
5151
9532
523
3165
5362
4341
12052
6065
4548
2864
7607
8871
8252
11003
2182
1671
184
4963
2595
10493
3715
9629
8833
4758
6348
4494
7813
7274
8983
11332
7869
2176
7924
6271
7176
4528
3012
1798
3228
9718
4668
10247
9551
6914
7060
11460
602
5563
11303
2549
10267
9728
9777
12076
9434
4015
4977
6589
2682
8237
1833
6909
10806
4857
6777
2193
4296
3997
237
6456
867
6110
3934
9149
9439
1821
9006
9560
4469
5516
6164
11384
8608
8642
5823
8298
2451
1543
10902
1050
7081
6182
3436
4559
10606
2962
10846
2200
1818
6927
5418
2667
3938
1796
2127
9668
3624
3734
8215
9225
9606
5344
3991
7378
11573
7949
4913
11148
270
3427
11196
3464
1740
7088
4745
10056
10021
5815
10277
2788
10214
11814
1925
7625
7997
10012
8571
2619
8121
12069
1497
6330
2098
1665
11877
8169
4844
7573
7727
8706
10555
7085
7956
5945
6291
1905
8640
71
8104
2228
56
10947
10519
11225
623
3304
11399
2329
1943
5796
6047
6552
4649
7877
8657
2847
411
5641
5576
10744
6364
3860
12246
9670
8747
8107
1767
8299
8258
9732
9442
3149
5197
5090
8638
10897
8452
2160
996
5775
8372
4505
6049
4349
9525
1010
4331
705
9811
5474
8665
2787
3680
3818
8879
6903
9349
892
7859
5863
8632
10352
9916
7222
2301
7805
3810
1094
1559
10189
10921
9499
2730
860
7264
4756
9363
7811
11745
9413
3365
8351
7525
4954
1166
6717
10264
4608
6662
1300
8329
5633
2489
5114
8936
3441
10979
2057
2560
7823
2208
8612
2215
2074
9102
2779
9288
1384
3293
3380
5653
758
5980
10309
8469
5638
11767
1599
8625
3617
9362
11681
6122
3944
6008
8895
10997
9814
1777
1035
1130
1220
382
4531
6240
125
5530
11288
9154
1753
1553
621
511
7894
5414
7810
7386
9832
12026
3534
940
6088
11302
645
9423
4232
3063
11319
1374
1402
5428
2555
4579
11457
562
6513
11049
9742
9696
11778
8553
4270
7209
10205
4336
9422
6866
11965
4325
11179
5668
2044
1579
8953
353
7183
1193
10399
5135
7019
3346
2125
1855
6241
291
4771
1346
8824
9508
10627
391
9566
11999
11560
7186
10101
3238
6204
235
3631
8106
514
8279
5105
1944
10697
3774
7248
2793
8933
7695
11098
5244
4938
8389
1142
7622
2405
6853
11892
1968
11717
9595
5357
4277
4192
1859
5766
5110
4737
7196
1550
8506
5384
8748
3824
1353
7522
9750
6490
9208
1711
8041
2699
5679
11094
8711
10833
1874
9948
9216
169
416
7495
11166
10597
4981
8597
2825
4283
11210
1881
7062
6283
3535
467
1822
10935
10223
3340
10
9879
3411
1530
10236
5990
3740
11389
9122
8817
4785
9196
7537
3420
9311
1948
8015
10025
1440
4593
5396
10105
11982
7520
1901
2882
3488
292
9476
12232
8361
614
8161
8517
8610
3006
7061
12148
8805
9030
12127
6010
5975
6430
7662
3760
7207
936
3754
620
58
6238
7506
8741
12223
6376
11783
5739
6019
1488
8649
4441
5999
5023
10611
10168
10324
11435
5618
4285
6013
1064
3705
11434
1615
9366
11663
10466
625
9155
11762
1620
6708
3764
11952
6381
11063
11075
12163
9788
8576
2956
148
1515
1450
2910
8573
10914
9933
5517
9900
8254
5601
6408
6428
6606
4733
8730
4219
5035
11143
971
9573
6664
10933
9286
7295
7742
10378
11918
9137
6171
2322
5303
7835
11997
4215
3199
10616
8081
10066
5778
10100
9222
3537
10891
9529
5021
824
7413
3968
10887
4600
1592
10171
1565
5972
9921
4554
7492
551
2431
3533
2974
528
2353
10350
3691
191
2540
7110
6333
2372
7319
5849
6862
8652
2778
3137
872
1655
904
2048
1416
7966
9733
9955
11990
5366
1006
4847
4462
8214
6116
5183
10796
2203
11608
127
12068
4414
10010
3042
4208
3873
9056
10702
3468
1596
7269
323
12043
4636
3024
10618
5985
3397
5757
2916
701
5070
5216
3308
98
12037
11231
8855
1921
1801
1034
1405
6739
5894
9767
4136
3363
7318
1904
3551
554
4334
3712
4008
6383
8197
11160
9520
5846
4345
5099
4121
6888
6875
781
901
3294
11145
1371
8513
772
7402
5774
6355
4693
1357
828
10910
4455
2791
12224
2440
3973
245
8186
10384
10231
2762
471
1175
2453
5885
7954
12092
3757
12166
10396
3744
1412
6354
8881
7436
2059
686
5794
6024
10716
10125
7340
3382
10976
4020
2066
11304
3140
5512
2186
2056
9136
4450
3829
8259
4171
4613
10620
597
8187
5501
2377
7584
589
9289
6356
1817
9012
7862
223
4201
2694
2950
10545
3588
6083
5704
11589
108
5741
6749
9301
7441
8978
1806
3083
2588
8845
6099
1375
331
6142
8322
5883
6673
6868
3761
6192
8158
1348
12138
9440
2165
12233
619
3349
2648
8915
5649
3753
2968
8563
11491
11338
7342
749
3984
5160
116
6476
11734
10206
712
9282
9212
11017
5854
1719
441
10996
3958
5373
7610
9215
7387
3152
10542
2664
1698
696
6038
8233
8383
1645
7751
10629
6450
3421
1269
7642
4342
7217
5059
11096
7917
2461
3167
1310
8205
11680
5625
6150
7801
10065
452
3388
3821
7
8027
1367
2746
4856
10026
4664
6374
3950
811
11376
9360
9522
2029
2256
10707
2142
11117
4409
4970
7316
6447
1520
11340
10219
5361
9394
5719
3785
2369
10712
6486
11756
1915
5957
4907
6539
5867
3171
8154
6006
7928
6436
12216
11182
2986
6970
425
2741
11747
8306
11138
7716
4519
1854
11365
11692
4276
2755
958
5488
9509
11235
854
9945
11752
502
3801
5425
1443
10385
4063
1829
122
7596
11852
6090
7829
11842
3049
5190
6570
8294
10305
6367
9253
11378
10190
9325
10239
3585
9910
3664
4415
11343
640
2357
9487
9618
6498
8981
11444
774
5663
1586
6630
1233
10895
3150
4338
11685
7101
11488
6617
8687
10351
4107
7113
11185
8242
7915
2173
3242
4252
10749
710
1908
6025
1320
7427
11464
9515
2332
6432
12207
1128
6958
7527
1529
11082
11668
4011
2359
6494
5923
9787
4298
12017
2617
8142
8960
5722
354
820
12177
5977
7991
6406
8036
515
1103
9930
4717
302
8804
903
11934
9649
3547
419
6098
4390
2298
8021
2610
8246
4543
2162
4964
968
1458
8387
7148
4671
8164
1278
10335
11707
9992
253
5493
2971
8354
11884
9674
11885
10149
6713
5028
11318
298
11377
11394
7280
11994
4429
484
5252
853
8477
11014
10755
3106
3081
8378
7077
10939
6686
4161
4164
3422
3539
2441
8202
6359
11973
8311
6137
9211
3767
138
5675
1237
1478
1633
5380
10776
2813
591
896
2802
6912
1978
3371
222
8695
6643
11555
5492
4273
7587
10805
3314
7851
1336
8980
1626
3911
3792
7812
763
7385
4702
9130
4761
4597
6670
512
5215
5224
4923
5031
9051
11152
7405
7067
1986
3203
207
10188
3478
3726
7024
2830
980
2637
5264
7555
9425
9923
2157
6212
7995
205
11476
9453
3268
3668
7263
5025
7549
986
11058
1410
11535
9986
2931
10706
8684
2743
7143
6832
1092
2218
676
8313
5893
2584
1989
723
11944
3235
5652
9874
9097
2963
3908
11291
11700
86
1899
11963
2862
7474
2735
9304
8326
8753
11010
5667
3965
8435
4359
7422
10141
2054
2019
301
5429
7561
4843
3741
9364
8575
11992
11241
7501
6400
5320
6644
1476
4069
11837
5538
8996
9085
2409
3183
8586
10438
12055
7839
8225
3099
10745
6230
6625
9412
6085
900
8325
10687
1120
346
10680
5168
367
4811
7918
12044
7173
6863
8339
1292
6978
4448
8209
9283
3587
4949
66
1824
9356
2314
10258
1296
2892
7053
4895
8707
4806
182
2014
3650
7519
11537
2421
4975
11250
7564
8397
11466
7164
4751
4239
3976
2348
12146
4612
7547
11795
9447
1052
5876
2465
1795
1600
8897
3670
10554
28
1195
5452
3649
5308
11510
7158
11921
1245
144
9908
2596
9517
2325
224
8574
3112
1451
5656
2303
6474
4432
5442
9826
4475
1282
4707
8474
10688
6535
12210
1652
1461
5039
9664
12272
9170
11739
9589
2749
10410
3723
4590
9396
1587
2104
6270
8882
2140
260
10177
8991
3919
10447
5130
12151
5998
4340
5581
9835
4640
2885
9116
8319
3738
3835
8122
5553
10120
9558
4395
11772
9734
3638
1054
3623
907
6850
4987
8932
3842
7754
173
8998
3665
2581
7559
9019
5644
11694
4757
943
9859
7619
5479
1930
4144
8196
8668
5864
4557
1063
11269
5484
7106
6201
4828
7389
7749
9460
10563
10253
9931
9647
2086
4880
4198
9586
8624
6493
606
271
12067
7963
11769
3213
11727
10709
8138
6697
11736
8331
636
1648
6533
2991
1677
4387
4111
3017
6231
10006
3557
8818
4565
76
9524
8579
8456
2729
11292
5117
12103
8770
1232
211
5225
9343
7025
11299
11617
8754
5673
8065
1794
1724
9213
6292
10973
7696
5153
11528
11118
546
4308
4892
8221
3424
1258
7816
11522
6495
7534
10766
10246
5685
7477
1876
10818
8238
8368
11159
4241
11191
3971
975
3205
11441
4852
879
2316
11418
2815
1800
8976
9568
9741
3957
5298
3672
5294
8931
4086
3602
912
4191
7202
10346
4295
11730
2460
1457
8709
9713
2676
2354
8488
2510
7878
11153
10916
8131
8091
5726
5100
6396
4659
470
4581
7223
10694
5973
1990
5243
5566
6609
12170
7107
1293
6039
776
6239
878
3281
11168
3002
6658
7451
2907
6872
8889
1192
7432
2573
2927
7455
7239
7786
2820
1257
737
2000
11447
377
7074
3315
9336
3102
11289
9926
4698
9013
94
8617
10673
7383
6562
6631
3728
2445
1764
6839
33
4114
2064
7806
3913
3857
2494
7398
6877
10940
2309
8988
277
3608
1964
6358
12266
4535
3679
3016
10520
6198
3221
4821
1066
4779
5068
2436
5763
10199
8865
2955
9725
5455
4385
5203
6856
6220
2225
6434
3678
6040
11212
10517
233
9752
12120
1900
4550
2533
10866
5568
9784
1185
2859
4309
1260
4627
5844
9870
7219
10370
4447
11307
5238
1585
447
10534
1540
11416
9099
7730
8696
7399
4912
6575
3935
12243
2009
410
11020
3370
10826
446
1697
6075
11027
9281
11515
9849
435
1239
1302
11596
10282
7471
3393
2572
1408
1659
11271
2068
3660
3359
6948
1864
4838
9355
4685
146
444
5610
9758
5354
6646
4891
9976
9424
10795
5937
5963
10453
1756
40
8088
2446
778
4389
540
8277
358
7844
6412
5760
11971
11824
3900
8561
3766
2370
8424
8604
8494
3822
10269
7504
4629
10786
5497
3773
2058
2447
8408
9179
7923
877
11301
1709
6460
4129
3942
7887
4495
10040
12004
7200
11448
1805
6056
5454
11865
8607
7115
8301
6993
12262
8752
4030
5440
5253
1208
11214
10572
5104
5805
3590
7317
9860
10583
5321
1649
4555
7782
6884
8371
5944
7665
2430
474
4493
7999
4605
3830
4476
8858
6181
756
4990
11582
2875
11296
10087
6503
1786
9430
9456
7353
3536
12142
3130
338
9549
6086
4960
1359
2006
1284
9851
2713
9740
227
7613
3626
6093
7545
2857
7962
7321
3368
8423
989
4861
6795
10851
9397
3886
2574
10689
10920
5227
3622
615
5523
708
8902
11961
11131
550
3633
9995
6162
6392
11213
2563
4726
3780
6926
1804
9953
9541
9769
3082
6379
3783
10878
5879
2710
11912
3988
8487
8582
808
6302
7706
140
2416
11279
8714
88
5282
5334
12059
10463
2424
3252
10359
3506
5250
1125
7646
3070
11771
6675
208
4145
6895
1508
9693
9375
6668
8853
5406
7668
482
10893
7137
5604
3057
11710
11280
2947
9484
7297
3089
9654
9125
8621
942
8930
2455
1998
10067
160
3519
8119
6725
1288
6097
6637
648
4984
10544
5887
2577
2025
9017
9626
154
1639
6069
762
3414
10179
11876
11922
3632
8461
6561
6145
7006
1489
6538
2171
4118
7042
6276
5066
6508
414
3374
5163
6828
2740
11735
7536
1181
9790
1102
8593
1591
10036
4350
6802
2790
2922
6484
4564
11928
7309
2307
6984
8333
8095
8281
3244
6344
11324
5101
8578
3708
251
10827
2593
10788
3161
10373
8839
3512
11479
6105
5609
1619
12101
9979
10915
5932
11616
12105
11797
3139
5509
5433
3404
11725
7860
10424
1474
6727
2192
8274
5831
4207
6813
7467
3309
4827
5221
4123
11026
7102
11316
11147
5665
6544
1610
7254
1788
832
124
2546
11445
6847
9970
3097
3894
3412
5519
428
4255
8507
4245
9961
5376
5258
4275
256
11741
4388
9636
9565
3566
1897
3469
3341
11631
8174
10477
3482
9331
2632
11911
10877
11259
5142
488
214
5982
11417
6917
5122
7049
574
3311
1234
2324
1483
10270
7058
4900
921
1501
4715
316
7939
11436
9446
10983
10415
9497
4182
1996
1134
3981
440
3811
4287
1662
1557
4655
8734
3129
11446
11069
5296
1518
10951
3071
3249
12116
3816
8802
3180
1347
9182
5535
2630
1028
5837
9903
11615
4472
8085
8340
9472
4007
2693
11942
4567
7094
212
3192
8280
6719
3116
9474
4748
7068
7260
9121
7117
290
7277
5905
10245
4588
8118
10148
5338
4586
9197
11195
3794
6885
1755
7570
5637
11141
1643
3418
128
11888
5047
4254
2954
10626
4228
5096
3260
9202
9357
9091
12155
5161
10772
9969
10723
4826
5416
10729
6046
6139
6514
8014
10825
8727
8921
3553
493
3758
9634
11871
7965
927
2444
6841
13
1058
322
4148
1789
8913
6143
9645
2493
2204
2673
3157
10460
3951
10784
4677
399
361
1981
9224
10619
6624
10391
7994
7628
3578
1436
911
10306
3880
3438
5554
6042
2163
11689
7513
6822
6546
11960
9083
1358
289
8779
10001
2326
3989
10730
8272
6512
1941
1482
9400
9074
6922
8303
7230
2117
3007
6424
2829
11780
11666
9582
870
1598
11171
11860
9199
6480
5551
11777
6509
979
7586
8945
10127
2605
5620
9093
3909
7152
612
1737
2704
7046
5582
8006
4753
9914
1835
5860
10942
4939
11076
1656
3704
2053
257
1969
1548
8639
9749
8704
9279
11508
1002
5043
9234
420
2511
5993
11872
5589
2902
9401
2639
175
510
5818
11660
5527
1793
6440
8362
11753
3257
11132
11650
7901
2285
7301
10494
1826
11388
10459
8841
10500
234
7362
4318
6838
10201
5709
4734
3225
10454
10965
5377
11628
9991
6472
1640
12199
10969
7672
9514
8623
10248
6280
7483
6933
6622
7693
10469
8967
3008
9578
5247
4736
8795
10986
8442
11248
1012
2671
10330
1537
10108
11811
4822
11887
3316
1051
5144
6442
4982
9032
11356
9163
1566
3154
7815
2621
12162
10084
11419
11703
5785
1391
2425
10758
2985
9780
12046
4739
7563
3725
729
2764
1669
7713
6688
6731
1173
10048
69
6254
10129
6745
1360
11781
7910
2149
4402
10200
5943
9863
10771
4800
10301
3273
9912
6210
4315
1810
408
3931
9861
5574
7089
8651
626
11620
8857
6107
918
8693
1381
1327
3090
7171
5524
5858
5486
9124
2110
6481
1621
4670
2530
4934
3990
8590
5910
6663
10462
628
1556
9794
8630
11708
999
2291
1972
6821
1115
6647
11245
5436
9906
2023
1895
1324
3655
10289
1670
5273
7433
1916
10425
5526
10735
10804
5615
10604
11086
1031
12002
11775
7614
8388
4965
11306
7575
9219
10856
4078
5171
9917
10991
6023
8811
4184
4500
3943
10371
9119
4961
11022
11784
1447
5071
6659
11856
11091
6873
7899
7368
5962
5042
9954
9694
2002
9438
6261
11989
11670
3383
4047
7867
6172
1452
10690
7486
5248
3540
4714
9450
9915
3020
5878
10241
9672
9704
957
9880
9795
876
8462
7808
565
2199
10750
1281
12190
11684
5933
5695
4132
9308
3687
5424
3995
3572
14
7864
8356
12265
11467
8216
6382
5173
9489
8017
7054
22
426
3051
9265
1926
3918
6530
10033
893
6096
1871
1526
5767
3298
6217
10623
7737
1138
5336
859
9358
5417
7543
2576
4979
12141
2263
7791
7007
6296
12036
3473
9371
2217
4955
11798
4780
385
887
10653
6965
5445
8066
2655
9641
2884
2690
4769
2795
10850
10138
3426
2848
2552
5343
1150
468
12178
4930
9878
3657
307
5254
3
2246
9929
8287
3892
279
12040
2773
4379
8659
11375
5050
6229
3807
4537
6810
29
5956
1373
3266
6483
6051
2366
5055
9581
1122
10675
2483
7243
10586
12252
2668
5996
8544
6037
3639
11142
9416
4592
9350
10383
11463
8239
9275
3529
9905
4525
11234
11603
5405
11719
6397
9754
11456
3387
181
4850
8523
5093
362
11986
6757
4303
3869
6066
6268
8662
6581
7988
6017
7268
2296
8260
4611
11819
4354
2752
7488
10486
7289
7130
2951
3925
5335
7679
2817
11415
10925
7215
1317
7659
4904
11758
5313
1763
9821
6233
10711
7356
584
4534
6547
4921
8762
8791
10356
11030
44
2850
2205
7685
815
5064
6934
4205
8072
1230
8994
9451
43
1242
2520
3328
5737
1617
908
1965
1351
7473
727
8179
6232
3147
10382
624
8599
7975
10444
11459
418
2147
796
3201
11970
6022
11612
11583
8785
72
12260
2899
11962
9697
4511
9203
6808
6848
8418
9968
5732
7678
2570
7307
9420
3907
8692
7096
3428
4687
11309
252
7565
1696
5358
934
7592
7032
9009
3062
11574
11823
6793
11104
11409
738
5608
3640
9726
12175
6260
1202
9365
483
4197
10039
10841
9824
5613
2331
959
12200
8636
7293
8103
8567
1475
2473
7756
3920
349
7139
4805
720
2189
10541
4185
5280
2478
2032
4027
7027
4141
9320
8480
6710
6087
4831
7156
8473
4393
11554
27
7964
3210
7890
2551
11690
3521
1680
1047
4672
11426
8809
6216
11516
1060
5632
2923
11682
714
2338
8183
2341
8823
8220
5660
9988
10890
2912
10107
10186
7305
8249
6332
9669
3181
11948
2612
1165
6545
6425
10523
4458
5754
6057
10811
2269
4002
9612
7914
7913
10610
5504
1133
2194
3386
3586
6534
952
8071
10613
6703
45
4732
11636
7724
6626
5881
2164
8765
7600
12112
8291
9247
9444
4502
2645
3182
11843
7765
3843
4019
2396
1136
6961
4782
11123
11518
11601
7114
6475
582
3641
8968
1065
6729
7945
4607
6211
8231
9184
1980
4582
1462
5898
4347
4055
5449
11047
1773
6274
6563
6823
3611
4348
2917
9510
9963
231
1110
4071
2071
9330
11186
4524
719
9345
688
7714
5768
6461
11146
4043
9563
5961
6756
3514
7266
11940
1759
9407
5873
4
12057
8678
6690
11561
897
1248
6764
11329
633
10578
2135
9590
4928
5257
3980
6794
10974
5476
10553
10762
3937
6033
8061
1355
1213
4194
4631
5389
11975
5921
9236
4328
7151
10226
7308
6527
6146
10963
165
12267
9617
5217
9237
821
7778
9884
11706
939
4411
4236
8449
11738
8440
12025
1079
6682
1226
6375
8289
7211
1836
690
3532
4297
3788
11217
10307
2328
5772
538
11393
244
4353
1434
6680
4444
9046
11128
4599
4881
10333
11065
5762
10928
7238
10859
1423
6214
2219
10721
8878
9269
7576
11121
1694
4551
9148
7013
3652
5347
11345
9132
7364
9729
1468
992
2609
12211
3685
10967
11854
350
10130
11651
3292
6393
1276
2108
10657
11352
1846
11119
7039
2360
7884
1504
9705
7098
5507
10049
573
5756
5974
1887
6696
2836
2622
2158
9622
7957
10631
1019
8870
7503
10132
8701
5514
3034
3930
10847
4952
8444
8343
1642
5648
7886
4853
795
10743
8888
10363
4619
1631
3846
8745
812
3300
9973
4797
9998
8663
9583
6551
53
11395
7780
7015
5927
9886
10855
10872
10418
10658
81
11108
3912
10998
2095
4151
1413
575
9027
11955
2495
845
10994
9188
4916
10022
4766
7288
8156
8420
273
8271
9639
6811
7126
3197
340
11954
5611
280
7412
7562
7404
3884
1953
6825
6784
4561
8966
10421
2880
461
842
9142
3820
7514
9378
9406
12213
6695
8502
6864
9738
3802
10061
1003
789
8867
7906
3727
5167
7638
9
618
11790
8398
1776
5126
2305
10109
8923
1427
10210
4436
5239
8033
10739
2392
6353
9753
12197
7021
1860
10512
10172
8906
1223
6153
9613
10485
8535
9271
7234
5914
9844
6944
9000
8134
1334
3570
3614
2995
1525
171
2867
6571
1439
9766
3517
10332
1848
8749
9429
11791
4501
7866
8146
5480
590
6304
4510
8547
8125
7338
5499
4621
8723
4174
2568
5438
2136
5924
3796
8927
2547
1768
8467
10869
9024
9667
5017
5872
3066
8529
3582
8699
12189
4010
5165
4496
3498
5184
8170
3562
4767
12185
3628
11275
3312
4552
11542
4218
1030
4883
6178
6458
11902
11705
12182
5800
7532
2374
11397
10265
11454
10564
4920
4361
10348
6842
7424
6120
11956
881
2883
9329
10927
5188
10272
609
2179
9876
4807
4028
4727
5152
10381
5369
9819
10727
4073
8946
5057
4604
12240
8353
9665
10250
6491
3449
2598
6063
8404
11498
6685
765
9809
7641
1445
1790
10984
3993
3332
204
3947
748
4160
4278
12226
7341
7825
1441
4783
10674
10919
2965
5930
7057
7981
12074
1852
5324
1914
1385
851
9506
7072
12079
8633
2580
7265
4314
5073
1045
3352
7045
266
4487
11326
9246
12029
3038
6991
4451
10020
4905
1158
6859
843
10558
1971
951
12077
7121
1414
9001
9556
1575
11295
7179
5345
8798
10145
5451
10787
8963
9585
6286
11838
4327
8658
5430
3256
1635
247
10440
1584
1215
4755
11243
1935
3763
9248
7463
2841
327
10055
2028
2055
5647
10015
9561
7612
1736
2512
7323
1927
6867
10722
1479
4944
5348
6487
7423
7306
10905
11274
8844
11189
924
8725
6597
4003
4690
5063
1937
3330
653
2368
8207
12070
1290
2300
8705
7597
5822
5555
8314
2525
8667
10614
5125
5888
10646
132
7214
3731
2220
12051
11261
5471
8079
830
825
2166
396
3285
5176
883
5829
2177
6415
1025
6792
7105
8394
11896
4953
5565
11530
4591
1337
8166
8160
7371
5192
11581
5434
1429
622
11202
7384
5966
8570
10414
8813
1214
10439
6094
7546
783
5210
743
7460
3226
3825
8892
1802
1613
4972
3720
2768
8664
3276
9249
9361
5835
8430
4789
6691
3059
6720
259
387
9562
10353
8975
10961
4823
679
12071
5230
4941
6058
5503
9803
6060
9348
3399
919
2403
6127
6221
3902
9716
5111
587
1683
7026
7465
1774
1301
4639
2426
2213
11489
11737
7075
8360
3954
8275
9169
2635
2022
7738
595
8393
1262
11347
5677
3443
3367
9463
10136
4021
3143
10103
12117
6998
7688
2262
10524
1121
9547
1129
1647
7235
2114
6893
11062
4542
6771
11215
520
7078
9671
5109
7629
5102
8453
4199
11331
9305
9735
1469
11492
894
6308
5728
3752
8269
5884
10952
2855
3457
11161
4306
84
5133
11913
6263
6921
8596
11284
5764
7739
8601
1442
2763
8670
3698
4790
5544
5233
11223
5178
10071
6257
10936
5274
12257
7100
8583
6
6812
5662
4068
5291
7707
10822
6454
6760
10368
6158
3373
7044
319
5623
8726
9544
2021
9616
11635
2001
11133
4681
8110
8337
5422
9457
11879
6451
12097
4896
7531
10950
8406
9367
1356
2115
161
3932
3568
740
3094
5370
665
7647
8315
2852
6904
3921
1667
7453
6633
2061
3554
4110
4893
4894
7567
10446
8084
1516
8409
2051
1780
6405
2821
6843
7675
7276
3658
4866
11655
5684
6740
7621
11677
7038
11779
4106
4001
11979
11353
11527
9924
3699
3381
3576
1022
6208
6905
12099
9092
11059
11325
836
5799
11381
5181
11088
1745
2644
6555
4497
4603
11953
7977
12264
3654
8732
3853
3500
6627
7516
6327
455
3866
9157
11966
11335
3250
11538
561
9614
2908
10038
10660
9048
7292
10790
7768
2792
4154
8744
11111
3398
6857
864
3162
10924
603
480
10699
8067
7838
5392
10668
5811
5784
935
1653
711
964
2141
8778
4812
11298
3703
8211
10834
6694
11619
4363
10019
5983
10487
11509
5011
6255
5026
9113
1634
785
7334
438
365
7448
8595
8505
11605
1602
2168
4518
5086
6313
7617
8919
5088
5316
1676
1186
11224
4316
4124
8862
4570
7787
6413
4122
6009
2302
12054
9317
9373
7950
11539
7937
7708
9964
11078
1042
3647
2835
3402
11544
4256
6908
771
1710
3523
3643
7772
4722
7759
6259
7896
10464
9313
10331
1732
1872
11764
10864
8479
2800
6457
7011
3895
7980
4461
1979
1917
3492
2146
9003
9383
1861
3335
11239
5619
4865
5069
8829
8710
3676
206
11181
8096
6520
10638
9153
11826
3877
9238
9822
6554
5270
7324
4957
9010
2629
9745
9481
9724
11718
1766
10420
10311
3296
5372
10000
9323
12271
3784
6290
9417
8458
1093
10137
3545
4723
7381
4801
8268
10678
4076
1378
9872
8265
8551
9369
3101
3361
605
8384
3729
3261
303
6929
2116
5246
7676
7608
3772
4109
3977
8832
6584
1522
12061
2681
113
5539
642
518
6519
3786
4152
2229
7401
10432
5508
9689
10848
7375
4428
11404
5904
2381
5856
4022
2230
9139
4190
8673
439
2198
8491
1228
2128
276
10783
10009
5145
10860
759
1691
3014
6318
174
10113
11641
3326
3571
4784
3615
6667
2517
3224
4709
10528
7582
5401
3156
5560
7591
8735
1791
6974
11083
2413
7530
3956
4147
1270
8102
139
9047
11524
10843
6326
1828
8815
11125
166
11410
11597
2807
145
8391
9309
344
9577
32
3999
6759
7204
472
4536
11029
1361
6558
10314
568
3212
7893
4311
3286
10625
7052
9635
1084
2012
9631
3039
10785
7365
9372
5819
1850
10217
2744
4578
3272
332
11521
9891
8367
8434
5415
4701
6135
5918
4839
7842
4083
415
782
12129
3505
19
9278
6466
10349
10389
10443
5832
11260
2901
2248
4985
2636
1400
12154
8030
7267
931
11424
9688
3850
9042
3109
2720
1380
6427
4632
6301
8846
7796
7677
1907
8847
1723
10011
2786
6943
5162
1143
11475
1116
187
7299
9342
8318
819
10452
8827
11649
10255
11570
4760
11188
7135
5745
10865
12249
8127
10892
8620
11372
450
1924
8465
1783
6565
1751
68
2223
3263
8321
9079
873
1513
3805
442
7322
1366
4230
11899
3127
2476
2785
2550
421
11334
2771
3271
6387
369
5628
8032
4623
9638
11199
6596
1252
10456
7320
4523
3629
11496
6718
3561
8244
1524
8688
1167
539
1117
10259
11648
10287
2939
938
199
1738
1636
11908
10904
2924
2822
4936
5394
7777
4380
7908
5056
1026
11598
90
12156
4791
5395
6985
6963
5200
11230
11904
4399
11580
6709
8694
1157
10894
5987
4532
9244
5513
5602
10042
9384
1970
11674
3890
4274
11472
635
906
10002
3870
11206
12145
7194
9054
2481
8789
1091
2290
10064
10761
1919
839
2178
8942
3060
5845
11673
8603
542
9134
3021
7091
9340
11782
698
4976
7157
4606
11107
4808
8022
3747
12108
6205
4271
11095
10251
2161
3050
7987
11924
3040
9266
6770
3808
5788
2005
4377
8063
172
10774
5245
10737
6071
6656
12073
2236
11754
7925
1319
638
1238
10184
8023
11639
3690
7360
3607
5826
7396
2657
6203
2545
6587
6940
2936
580
3306
1090
941
8938
3573
3077
6989
5705
4229
4091
6061
11262
6899
6278
2886
10285
61
2132
4530
3434
11714
6399
3243
5908
1377
1654
11066
5901
6068
11914
7528
4351
11005
4711
6485
3108
11016
6132
1430
786
9918
1583
9334
5952
5542
4082
730
3593
9633
1070
3253
11633
4422
6541
8546
2979
3184
8558
2241
7618
2432
4253
744
9680
7674
10317
8324
12202
11855
10004
2187
3345
1909
2532
3750
4324
9327
11946
404
4373
7332
2548
10158
4522
55
5002
7493
4922
5460
4663
11713
7040
5378
5137
4463
3054
11344
4223
11586
671
1995
10295
6628
10478
4301
11028
4167
7429
6194
11816
2715
9145
1340
4467
6807
6550
5547
10884
10769
3569
5686
9217
9171
6805
12186
6349
12188
608
11841
1227
12130
10164
376
3036
186
2361
4187
12078
11249
7819
5277
4679
12034
12065
6001
10685
4257
1674
11625
7643
10334
7602
1009
1606
9913
2582
9528
195
4614
6564
6126
7766
2891
6478
11830
5700
5211
3711
10754
7478
709
4803
6121
4929
10023
700
10852
2868
1039
10740
2015
4596
11099
11687
9034
2689
895
5947
63
2571
8256
10153
8531
6642
1787
3748
11891
12137
991
2120
9717
779
6157
2133
8300
6130
8774
10364
9022
9974
5936
1589
2410
7733
530
2212
559
11205
10476
11983
5049
2397
4404
8681
30
8838
794
6124
2379
10178
898
9711
6572
4485
9243
9117
8532
4392
10198
309
1205
12066
1603
6901
3862
9841
9536
855
8527
2940
3618
8431
11903
8848
549
7529
2738
4133
10266
4033
5687
2903
7500
4446
1283
610
264
2905
11507
7683
383
9339
177
4527
6422
9949
443
2317
6579
2839
1146
7221
5570
3377
11868
3485
2665
11387
5103
5403
7447
3610
5404
1910
1834
12118
4382
6797
2150
4034
5740
2435
8283
10110
805
1388
5271
1399
11502
3446
5852
5156
4556
4209
12147
6874
5981
9242
4997
9471
4529
536
9488
261
10355
1593
8429
7609
3400
5703
2345
8285
1140
5410
8180
4802
4293
4598
4517
5545
8540
2383
3009
6537
2938
429
7010
11218
10930
7990
10585
1426
5202
932
5994
9893
8653
6638
8721
11054
10394
10821
6796
2180
2102
5698
7626
3598
11351
1145
9347
10977
5166
2597
333
5522
5305
9588
5847
7005
9799
4814
557
3001
3408
3000
3284
6522
10293
2626
1945
6207
9653
7572
6248
7400
5880
7284
3972
8944
3003
136
1266
10280
8528
6347
9026
7380
2456
269
2082
10260
242
4358
8941
11991
10810
1898
9980
1546
11025
3465
393
8887
6402
7606
1816
4449
598
4842
12016
8849
11848
10262
6698
5922
9830
3609
11004
9871
1761
5409
12001
6684
5123
9504
11647
11984
9569
9239
6902
6325
2772
647
10759
1608
8144
8457
1932
9598
663
9185
7076
5989
4170
12028
1963
10213
526
9138
7799
2565
5718
10218
151
4115
239
7168
5058
10224
120
8875
4696
7840
4995
3864
3975
9714
4394
7069
664
5029
7031
9943
6315
11676
11038
11526
2705
8130
10747
4146
3452
1118
4072
7984
3148
1362
5795
149
8899
506
4585
8683
7666
10400
9094
4412
8192
9896
5765
11925
1164
228
1706
3353
4675
379
2975
10975
4793
4029
8722
7735
11413
7125
434
6102
8250
3110
469
4991
10323
7174
6700
3052
3927
6776
10393
8082
4610
1048
8217
7330
1007
5934
11578
5289
3053
8208
9679
2853
829
6814
1460
6319
3898
4093
8843
2708
10143
9956
7298
9518
153
11425
6011
10624
9319
2556
1271
4284
6034
3858
2534
10789
10885
7684
2373
7645
5715
4933
2027
2952
8952
4360
9703
10074
4638
193
8524
1690
1312
162
10354
9023
2100
7426
3503
822
2412
5285
6115
11553
2620
3695
4365
4434
7442
10091
5939
6342
2811
9806
5139
2106
1111
10063
1851
10093
10941
2486
9805
5143
1015
5311
4834
236
6395
7880
3118
3395
4478
8755
8330
8577
5946
3961
11875
9857
956
11357
8708
753
6907
4410
2757
616
11001
7644
4998
6293
10024
6054
5228
5599
7783
7881
2124
11768
3291
7583
9370
1057
6999
8141
1297
10817
6754
505
9644
558
2871
6568
3746
12239
10980
5172
5900
11477
1274
8987
10862
9584
10962
817
2761
11653
6496
12072
2846
10458
920
3444
8058
51
4064
5938
11272
6471
10561
5482
6237
10283
9277
1870
6144
360
2981
4037
4903
6676
5356
5724
11704
2131
10955
5827
11483
10641
3305
75
1425
6783
8985
4713
3799
6338
5564
9609
10279
3840
12122
7927
680
5579
8126
11532
9008
9983
2652
2154
7132
57
4809
10298
3579
445
5241
2352
11909
10030
10114
2475
3115
2201
11190
4420
10720
2717
2247
2698
5315
6716
2315
9257
6689
1365
11881
9109
863
12174
12027
1820
4858
4131
10321
8679
8427
4057
4242
6800
804
6599
6328
285
2633
5399
548
7719
11370
8050
3967
8886
2129
1837
9521
347
2391
3320
492
8724
1847
6258
9603
477
2669
9642
2614
9894
6742
9033
3941
7458
11402
7291
11923
6803
827
724
2144
11
10358
9112
9064
9290
2544
9165
5136
11277
11567
2801
10693
4969
7553
4173
2020
7873
784
3656
126
3356
9050
3735
9885
2615
2038
4778
9625
8764
8407
4958
105
8986
4322
5816
9519
6151
1726
2024
6225
8441
5561
1940
566
6651
8373
8564
10966
8048
4868
7846
10126
12258
7420
5085
3439
3595
10832
593
4332
8783
5008
3229
9847
9298
310
9210
10655
4873
1420
12187
9774
8486
8650
4674
10135
6982
3313
10803
1590
1081
118
9398
11626
6314
1797
4479
10588
8880
11870
3666
7792
5261
7227
1107
103
10163
2831
8153
10529
5723
10849
8151
11618
2417
7681
5330
1395
2033
6976
10566
5191
9031
7326
8243
8379
2964
5407
12096
11193
10133
5365
7976
7598
3179
2709
915
8097
9382
7242
2237
7569
5182
1222
2318
4058
10409
4499
11513
1000
9464
1582
1323
5997
11998
7854
10058
2554
8842
6634
3707
1089
10402
6452
1067
3481
3435
3489
5041
2076
10780
7889
5976
12050
2231
2879
9746
600
3559
6044
2999
8219
6876
6588
5753
7760
1758
9233
11874
7776
2861
6919
6446
7993
3709
2299
9335
9428
2356
6443
9459
6018
8716
1119
7652
9659
697
3259
1641
8790
691
11421
7755
7325
10600
357
308
9771
6837
1843
8236
3779
5500
4371
1918
4967
2775
848
773
6224
2898
5443
899
2152
355
3987
8005
3945
7245
5580
6502
4177
3096
2234
9011
2130
2312
10115
12102
1782
2155
11051
1104
846
4018
1077
9175
3232
10532
7611
10325
1455
7335
2688
11085
11187
10090
3375
8771
8807
7246
1545
11519
6140
401
1744
11563
650
6858
1305
8836
10731
7480
3185
6906
1428
7350
7637
5421
11832
11920
11595
1383
9895
8758
11286
2031
8026
176
4724
5124
2471
2508
11770
10617
10923
7172
5314
12168
4577
3637
7542
1534
6855
8012
8195
12022
8644
6610
577
46
11905
351
10531
4864
10144
11906
12107
1287
10275
11400
4833
1490
6975
7820
4014
4079
500
7282
5790
8615
8736
2233
12131
8645
11709
11880
9772
9778
670
5147
4845
70
9539
1637
8908
11716
1191
1539
10530
3035
9387
3168
2594
5413
913
1172
5450
2261
8715
11632
11305
6294
2386
803
6618
7879
3681
8182
7000
4910
7533
6951
4240
3737
5146
1576
8078
6026
3234
6761
3782
8937
9180
10881
3806
6021
1936
8165
7071
3605
5670
6394
5467
2987
9087
1200
9611
7097
5014
449
3969
1033
6384
6515
7517
6804
9231
6748
4305
3153
3297
10514
6601
2733
10075
7252
6141
10873
1975
7874
10800
11759
692
2659
7599
3926
2672
12244
882
5209
9390
8376
1114
9285
8035
6750
6724
8671
10764
5954
9035
2585
1078
12128
2784
1809
5189
1877
11839
1492
2838
10993
10700
962
1275
7134
11644
9695
6704
9962
5636
7258
6072
1246
11333
10159
394
7059
7257
12038
1131
4299
11363
2286
3358
1934
1509
10095
8910
4234
337
9084
7779
11391
5862
10436
9492
519
3630
6557
9994
10046
7551
6677
10836
1866
9160
4820
9318
3275
3646
9833
4188
9496
11023
9708
7475
7236
11177
2385
9655
8606
3151
11458
4103
1020
6272
11576
570
2930
7891
12208
8628
9065
6741
11776
11590
2045
4705
5759
7047
5694
8201
7315
12011
4974
6441
10211
7747
6465
11469
9268
6287
3777
7604
5913
6620
462
1437
10901
707
10958
8445
5397
10728
8660
4418
1727
9404
4181
104
9251
3283
2221
4291
8669
949
11068
3914
3530
9723
9240
5034
464
6081
8396
865
10212
7797
11893
6027
5408
2849
11281
10778
2139
8355
10577
2491
10501
491
3548
4781
11478
1044
1163
3904
10069
4691
5928
11766
2442
5804
4725
6507
10968
8869
9922
7182
466
3603
5205
965
7043
9002
9491
4384
9445
11622
10380
2611
9507
963
1144
7804
5807
10908
7410
451
9677
1746
5201
5169
2035
4157
10276
1976
5808
11980
6635
7969
8864
5437
5458
4017
7550
8025
7718
6389
3211
11669
3700
11339
5018
10964
2265
12172
12261
4000
7450
7278
1403
4516
2094
152
1345
8251
7034
7670
7033
3338
4235
4113
7247
8464
4630
7802
10221
7743
1807
10297
5490
5631
5187
6300
5707
6159
11696
4189
3206
7313
3128
11439
457
1207
1966
1086
7650
12217
1038
7343
9798
10760
4430
1326
7784
6445
2276
9190
9299
6226
4204
4098
8552
3859
3290
10971
6470
787
495
2479
7818
6148
4572
112
8222
7103
1472
1775
11658
2877
9951
718
8666
2586
8011
9294
2078
2666
5240
1902
12089
639
7051
6819
7958
8905
7154
7568
3448
1574
8731
501
7208
6706
6089
12062
267
11170
11216
521
5065
5691
5769
9405
11127
10639
7347
1170
11805
5236
8273
7603
8358
4217
10736
527
10510
1994
2196
11815
567
10525
11002
479
2216
746
8873
3507
2250
8425
412
547
7009
5556
7372
12150
11116
10497
2084
2616
10483
885
3068
87
7948
10858
2989
10401
2967
254
4768
3041
2543
9096
9722
5851
9293
8090
2464
11520
7680
9164
2252
10830
4863
1514
607
10319
11390
4265
5383
9550
7178
4661
1127
1394
8814
6035
4712
11484
9403
2072
11163
555
5024
4250
1687
6996
9067
660
6136
11137
10405
11640
6726
4583
6981
10386
8757
7654
8566
6854
6569
10724
5802
984
1849
11723
7331
537
11943
7446
9049
4059
11207
11158
5127
11151
6410
7814
499
6518
7167
2119
9675
5072
9807
2569
1069
5708
4622
8143
8226
7008
5094
11755
3046
1291
10552
1614
9727
9785
9057
4819
10815
7841
7128
12110
2973
11691
7941
11701
5629
7876
6747
4989
6653
5078
7014
10565
11310
11105
9540
8044
11910
2251
3495
5332
9574
847
4046
2496
2527
10557
10475
1555
3560
3982
10535
11228
9939
10116
11861
8083
7585
9946
10196
8475
754
8264
8917
498
2524
4540
2235
10717
7698
5472
1325
448
1021
7746
5323
644
7620
7498
10560
1933
11093
4637
1946
1739
11890
6437
3048
8674
11715
9543
11422
9707
11827
9018
3546
10603
5382
11800
7557
4099
436
10684
10203
1182
7490
6499
3769
4026
5942
6321
5711
10366
2490
6980
816
2039
9452
100
6459
9100
3483
4794
3343
11019
10372
5562
8801
8077
9855
2343
5810
6477
11659
4657
10768
5138
7023
5736
7127
8437
7624
8616
8240
3852
10481
3736
6070
2519
4704
5748
7449
2904
1693
4968
9663
8
7951
7667
4680
11503
9557
5398
5263
9307
5533
857
3026
8956
10290
1088
9168
5681
8304
10502
10273
2840
6273
2812
11380
6369
5920
2759
2834
10175
10292
1435
7627
306
11968
3480
3190
982
2926
7817
8542
4571
643
11733
8792
10664
11557
5746
4421
4504
5150
10978
7831
7911
3994
1699
2313
2240
6692
1577
1225
10581
11820
3360
2390
10599
6118
2675
5926
2934
10918
10546
9172
159
11886
5074
7900
3440
1533
4862
133
7715
11506
2355
5897
844
6134
659
3522
10503
5658
348
8347
9925
5494
8982
7348
6213
9465
10128
9235
6371
23
4594
5984
7459
7556
4162
6671
11089
2344
7722
5577
1716
10029
11411
10442
7692
592
5053
12153
5593
4104
11964
6730
5097
1499
1844
8053
2258
10576
5729
6222
1571
8587
6517
4337
8451
2504
4065
1785
4931
1049
2018
7275
386
6426
77
4084
1176
11442
4172
733
3538
12194
10938
4884
8760
9760
2732
2618
10445
1772
8297
5381
6932
10194
6235
6930
8375
11139
10954
6890
6488
11453
4108
12152
9683
11203
9270
1109
9493
329
6972
7701
4993
3916
8541
4321
315
8341
1392
4407
5157
4948
604
4425
11379
2452
9189
7476
3310
2863
953
5087
1256
7960
2887
2320
11204
2948
755
10397
5672
926
12085
1218
9432
4158
807
9620
7711
8335
4460
288
6960
933
10601
8559
3132
2935
2376
646
4971
10798
12256
5548
3032
8768
10312
1169
9090
5605
5528
6574
11008
531
21
5487
2960
476
3114
4163
6506
2628
726
10898
1862
10917
1974
9414
7989
12201
8682
9535
10513
6593
1695
7188
6055
7366
407
8569
7160
7632
9862
5607
4999
1341
1988
5009
12113
11661
11092
2805
2174
1686
4926
11403
563
742
4508
5692
263
9712
4183
11490
9479
4683
11549
6106
3620
6746
10152
2754
3202
8533
1663
395
4498
3267
2244
4261
11060
6566
1349
1329
9902
9597
11959
6616
8262
6516
9747
7827
7159
11155
10791
8045
4759
11773
8554
4238
8248
3518
1942
9503
8555
11251
3888
8950
9274
5693
3265
4178
6247
2270
12045
4166
11645
8964
5331
7795
4135
8918
11414
7744
7967
10281
10161
7571
7579
7615
673
6299
7066
9458
374
7590
10883
6191
5594
8835
7118
11074
226
5830
5744
835
6766
1464
3075
11813
9312
5792
9241
3812
7828
4094
6455
4051
11449
42
5626
947
3511
5557
11545
995
10096
666
3702
11036
535
2507
9812
6781
8751
39
6870
880
8935
10360
8468
6605
9143
34
11547
2816
241
10659
6067
1812
2531
1342
1770
5426
5731
6881
11007
1605
8167
6744
6785
10770
1668
10490
3851
684
3986
3175
6256
7036
2118
4150
4902
7524
2683
1521
7312
345
6252
3450
11629
12237
243
7785
3867
11656
311
4149
11114
2470
4644
11572
6786
5960
3724
2736
12161
10426
3697
2874
9580
10417
10575
8286
4877
1040
3493
4742
1658
11072
9039
4870
7686
4282
9834
6200
6758
541
4489
179
3781
572
6977
7526
11382
9619
2101
3198
10802
1957
9111
12048
405
2996
11450
9088
1813
2169
617
2539
8234
703
2358
1814
4317
1743
9801
10526
6015
9981
6604
3146
944
9115
3815
2679
1247
1100
6869
5300
11802
4832
10813
10765
8194
6335
7577
3067
3080
8626
6578
11774
11950
2321
8594
5195
7116
6992
1267
1132
5559
8984
9681
6733
359
6179
5441
8212
3334
9592
11846
155
9628
8436
10489
11807
529
3191
695
5213
11222
9996
1018
5532
8168
3474
1465
2678
183
8350
8822
4227
324
9660
780
12100
10970
1096
9127
2641
799
9627
8903
3355
3241
11552
10202
2823
11330
9126
4419
5871
629
11693
7363
3233
3037
4100
2226
9201
10538
6398
3552
6986
5469
4012
12209
8742
1444
7909
3856
9020
7541
1071
4575
8157
10701
10124
363
3791
6365
305
10154
10705
12259
10185
11996
5646
7430
12020
9950
3688
5949
1562
3841
2977
7821
11350
9173
2700
4067
11765
4545
1105
8193
2500
11624
11264
1330
9938
678
11183
1717
6468
7972
8909
11321
1171
1733
3454
4909
5317
7466
3163
4243
4179
11428
3577
3092
4279
5447
11541
5750
3344
1396
7419
6971
7253
9480
9232
4980
2434
2663
10522
8426
12060
3391
3596
10284
6245
8137
7144
1277
1734
751
503
8159
12081
7056
8972
330
3719
6243
3325
6078
2062
7959
8920
8794
8698
841
8076
5091
8414
902
6678
3497
11665
10934
3372
11033
7690
11697
6701
12196
3854
8763
10176
2526
1830
2349
313
433
11164
5612
8040
1544
5783
11412
8496
10037
9640
5483
4829
131
6923
7482
888
7868
3471
11012
4646
10691
5309
3121
11473
4323
9511
6281
516
10972
5453
8176
1481
4156
10812
1703
4406
11056
2503
10408
11678
3606
2207
7931
11079
2037
10551
1728
218
5585
3429
11614
1511
6942
2579
5591
1977
3144
8086
2695
8611
11346
8098
7697
8518
7538
5596
6767
6693
10235
675
8925
10082